r1,a1,E
0.750000000000,40.000000000000,-75.956158151173
0.750000000000,46.842105263158,-76.029741318141
0.750000000000,53.684210526316,-76.080510787646
0.750000000000,60.526315789474,-76.117998314796
0.750000000000,67.368421052632,-76.146874340236
0.750000000000,74.210526315789,-76.169503477769
0.750000000000,81.052631578947,-76.187147889165
0.750000000000,87.894736842105,-76.200547072653
0.750000000000,94.736842105263,-76.210200801877
0.750000000000,101.578947368421,-76.216510182414
0.750000000000,108.421052631579,-76.219850595761
0.750000000000,115.263157894737,-76.220610647372
0.750000000000,122.105263157895,-76.219210643061
0.750000000000,128.947368421053,-76.216105722254
0.750000000000,135.789473684211,-76.211779707405
0.750000000000,142.631578947368,-76.206736461408
0.750000000000,149.473684210526,-76.201489377087
0.750000000000,156.315789473684,-76.196543970366
0.750000000000,163.157894736842,-76.192370034233
0.750000000000,170.000000000000,-76.189365697372
0.789473684211,40.000000000000,-76.036197487358
0.789473684211,46.842105263158,-76.103654281477
0.789473684211,53.684210526316,-76.150336785866
0.789473684211,60.526315789474,-76.184936787968
0.789473684211,67.368421052632,-76.211648539046
0.789473684211,74.210526315789,-76.232567599365
0.789473684211,81.052631578947,-76.248804384794
0.789473684211,87.894736842105,-76.261011891195
0.789473684211,94.736842105263,-76.269639208761
0.789473684211,101.578947368421,-76.275055802045
0.789473684211,108.421052631579,-76.277615203070
0.789473684211,115.263157894737,-76.277688935048
0.789473684211,122.105263157895,-76.275681936962
0.789473684211,128.947368421053,-76.272034824983
0.789473684211,135.789473684211,-76.267220015833
0.789473684211,142.631578947368,-76.261736276931
0.789473684211,149.473684210526,-76.256099162254
0.789473684211,156.315789473684,-76.250822132785
0.789473684211,163.157894736842,-76.246386203348
0.789473684211,170.000000000000,-76.243201044920
0.828947368421,40.000000000000,-76.096205651421
0.828947368421,46.842105263158,-76.157930119909
0.828947368421,53.684210526316,-76.200764200863
0.828947368421,60.526315789474,-76.232628710008
0.828947368421,67.368421052632,-76.257280645194
0.828947368421,74.210526315789,-76.276567484784
0.828947368421,81.052631578947,-76.291459090609
0.828947368421,87.894736842105,-76.302528251330
0.828947368421,94.736842105263,-76.310176661508
0.828947368421,101.578947368421,-76.314743403240
0.828947368421,108.421052631579,-76.316560219193
0.828947368421,115.263157894737,-76.315980724811
0.828947368421,122.105263157895,-76.313392918148
0.828947368421,128.947368421053,-76.309221251082
0.828947368421,135.789473684211,-76.303925742379
0.828947368421,142.631578947368,-76.297999926280
0.828947368421,149.473684210526,-76.291962469090
0.828947368421,156.315789473684,-76.286337069329
0.828947368421,163.157894736842,-76.281619607573
0.828947368421,170.000000000000,-76.278236102977
0.868421052632,40.000000000000,-76.140606398592
0.868421052632,46.842105263158,-76.196935157581
0.868421052632,53.684210526316,-76.236129850524
0.868421052632,60.526315789474,-76.265398161002
0.868421052632,67.368421052632,-76.288090775490
0.868421052632,74.210526315789,-76.305823621151
0.868421052632,81.052631578947,-76.319435331129
0.868421052632,87.894736842105,-76.329423746607
0.868421052632,94.736842105263,-76.336145624345
0.868421052632,101.578947368421,-76.339910471714
0.868421052632,108.421052631579,-76.341028125486
0.868421052632,115.263157894737,-76.339833275322
0.868421052632,122.105263157895,-76.336695234501
0.868421052632,128.947368421053,-76.332020692256
0.868421052632,135.789473684211,-76.326256386050
0.868421052632,142.631578947368,-76.319890308026
0.868421052632,149.473684210526,-76.313444562028
0.868421052632,156.315789473684,-76.307454740749
0.868421052632,163.157894736842,-76.302435345560
0.868421052632,170.000000000000,-76.298834470124
0.907894736842,40.000000000000,-76.172814060271
0.907894736842,46.842105263158,-76.224043067407
0.907894736842,53.684210526316,-76.259787590365
0.907894736842,60.526315789474,-76.286590720881
0.907894736842,67.368421052632,-76.307421933194
0.907894736842,74.210526315789,-76.323679401753
0.907894736842,81.052631578947,-76.336078652618
0.907894736842,87.894736842105,-76.345046975300
0.907894736842,94.736842105263,-76.350898148833
0.907894736842,101.578947368421,-76.353912814264
0.907894736842,108.421052631579,-76.354378709673
0.907894736842,115.263157894737,-76.352610328880
0.907894736842,122.105263157895,-76.348956387239
0.907894736842,128.947368421053,-76.343804258655
0.907894736842,135.789473684211,-76.337586440534
0.907894736842,142.631578947368,-76.330784698789
0.907894736842,149.473684210526,-76.323924440719
0.907894736842,156.315789473684,-76.317554682257
0.907894736842,163.157894736842,-76.312212730094
0.907894736842,170.000000000000,-76.308375174376
0.947368421053,40.000000000000,-76.195474951558
0.947368421053,46.842105263158,-76.241872130451
0.947368421053,53.684210526316,-76.274342755749
0.947368421053,60.526315789474,-76.298806494040
0.947368421053,67.368421052632,-76.317872652701
0.947368421053,74.210526315789,-76.332733765415
0.947368421053,81.052631578947,-76.343989450765
0.947368421053,87.894736842105,-76.352000251175
0.947368421053,94.736842105263,-76.357038833268
0.947368421053,101.578947368421,-76.359357790812
0.947368421053,108.421052631579,-76.359222486750
0.947368421053,115.263157894737,-76.356925725941
0.947368421053,122.105263157895,-76.352793729908
0.947368421053,128.947368421053,-76.347193100873
0.947368421053,135.789473684211,-76.340540809896
0.947368421053,142.631578947368,-76.333310959936
0.947368421053,149.473684210526,-76.326031364189
0.947368421053,156.315789473684,-76.319265667935
0.947368421053,163.157894736842,-76.313578514865
0.947368421053,170.000000000000,-76.309482438065
0.986842105263,40.000000000000,-76.210647582050
0.986842105263,46.842105263158,-76.252462034850
0.986842105263,53.684210526316,-76.281826937988
0.986842105263,60.526315789474,-76.304073959163
0.986842105263,67.368421052632,-76.321470583653
0.986842105263,74.210526315789,-76.335014707663
0.986842105263,81.052631578947,-76.345196528689
0.986842105263,87.894736842105,-76.352313405706
0.986842105263,94.736842105263,-76.356598924147
0.986842105263,101.578947368421,-76.358278581858
0.986842105263,108.421052631579,-76.357594977299
0.986842105263,115.263157894737,-76.354817692311
0.986842105263,122.105263157895,-76.350248851695
0.986842105263,128.947368421053,-76.344232919090
0.986842105263,135.789473684211,-76.337169496054
0.986842105263,142.631578947368,-76.329522533525
0.986842105263,149.473684210526,-76.321820200774
0.986842105263,156.315789473684,-76.314641147585
0.986842105263,163.157894736842,-76.308581891869
0.986842105263,170.000000000000,-76.304199834968
1.026315789474,40.000000000000,-76.219938980379
1.026315789474,46.842105263158,-76.257407464828
1.026315789474,53.684210526316,-76.283830016082
1.026315789474,60.526315789474,-76.303981296011
1.026315789474,67.368421052632,-76.319803566428
1.026315789474,74.210526315789,-76.332110269267
1.026315789474,81.052631578947,-76.341288200514
1.026315789474,87.894736842105,-76.347575147982
1.026315789474,94.736842105263,-76.351167882839
1.026315789474,101.578947368421,-76.352265817260
1.026315789474,108.421052631579,-76.351088320169
1.026315789474,115.263157894737,-76.347880474404
1.026315789474,122.105263157895,-76.342919210095
1.026315789474,128.947368421053,-76.336525512468
1.026315789474,135.789473684211,-76.329079109096
1.026315789474,142.631578947368,-76.321030145049
1.026315789474,149.473684210526,-76.312903688044
1.026315789474,156.315789473684,-76.305292499333
1.026315789474,163.157894736842,-76.298829254015
1.026315789474,170.000000000000,-76.294126988385
1.065789473684,40.000000000000,-76.224608520280
1.065789473684,46.842105263158,-76.257959754268
1.065789473684,53.684210526316,-76.281600571757
1.065789473684,60.526315789474,-76.299776273514
1.065789473684,67.368421052632,-76.314119304355
1.065789473684,74.210526315789,-76.325268151502
1.065789473684,81.052631578947,-76.333512025559
1.065789473684,87.894736842105,-76.339032956598
1.065789473684,94.736842105263,-76.341993361254
1.065789473684,101.578947368421,-76.342567566879
1.065789473684,108.421052631579,-76.340951318489
1.065789473684,115.263157894737,-76.337364488361
1.065789473684,122.105263157895,-76.332058278168
1.065789473684,128.947368421053,-76.325328830997
1.065789473684,135.789473684211,-76.317532894547
1.065789473684,142.631578947368,-76.309102071056
1.065789473684,149.473684210526,-76.300553311263
1.065789473684,156.315789473684,-76.292490780423
1.065789473684,163.157894736842,-76.285586675974
1.065789473684,170.000000000000,-76.280522197814
1.105263157895,40.000000000000,-76.225647138769
1.105263157895,46.842105263158,-76.255104379265
1.105263157895,53.684210526316,-76.276122453493
1.105263157895,60.526315789474,-76.292442450365
1.105263157895,67.368421052632,-76.305401381695
1.105263157895,74.210526315789,-76.315471696830
1.105263157895,81.052631578947,-76.322850856335
1.105263157895,87.894736842105,-76.327669183462
1.105263157895,94.736842105263,-76.330057320104
1.105263157895,101.578947368421,-76.330165488246
1.105263157895,108.421052631579,-76.328165721333
1.105263157895,115.263157894737,-76.324252720627
1.105263157895,122.105263157895,-76.318651925093
1.105263157895,128.947368421053,-76.311633270310
1.105263157895,135.789473684211,-76.303527032106
1.105263157895,142.631578947368,-76.294740698282
1.105263157895,149.473684210526,-76.285776427399
1.105263157895,156.315789473684,-76.277244491810
1.105263157895,163.157894736842,-76.269857812061
1.105263157895,170.000000000000,-76.264379552152
1.144736842105,40.000000000000,-76.223837754139
1.144736842105,46.842105263158,-76.249620053382
1.144736842105,53.684210526316,-76.268173257379
1.144736842105,60.526315789474,-76.282757398571
1.144736842105,67.368421052632,-76.294427321404
1.144736842105,74.210526315789,-76.303497909450
1.144736842105,81.052631578947,-76.310080874728
1.144736842105,87.894736842105,-76.314259101933
1.144736842105,94.736842105263,-76.316134083283
1.144736842105,101.578947368421,-76.315832958714
1.144736842105,108.421052631579,-76.313504510840
1.144736842105,115.263157894737,-76.309319072599
1.144736842105,122.105263157895,-76.303476688886
1.144736842105,128.947368421053,-76.296219838641
1.144736842105,135.789473684211,-76.287848803001
1.144736842105,142.631578947368,-76.278740947190
1.144736842105,149.473684210526,-76.269375310450
1.144736842105,156.315789473684,-76.260359501498
1.144736842105,163.157894736842,-76.252444331110
1.144736842105,170.000000000000,-76.246488760371
1.184210526316,40.000000000000,-76.219801368906
1.184210526316,46.842105263158,-76.242123911429
1.184210526316,53.684210526316,-76.258369167647
1.184210526316,60.526315789474,-76.271337341962
1.184210526316,67.368421052632,-76.281813076614
1.184210526316,74.210526315789,-76.289961900126
1.184210526316,81.052631578947,-76.295816031290
1.184210526316,87.894736842105,-76.299415355177
1.184210526316,94.736842105263,-76.300834816099
1.184210526316,101.578947368421,-76.300179673329
1.184210526316,108.421052631579,-76.297576610334
1.184210526316,115.263157894737,-76.293173038976
1.184210526316,122.105263157895,-76.287144322996
1.184210526316,128.947368421053,-76.279704554158
1.184210526316,135.789473684211,-76.271120929668
1.184210526316,142.631578947368,-76.261734793172
1.184210526316,149.473684210526,-76.251992349685
1.184210526316,156.315789473684,-76.242485564744
1.184210526316,163.157894736842,-76.233993695432
1.184210526316,170.000000000000,-76.227482538104
1.223684210526,40.000000000000,-76.214032372455
1.223684210526,46.842105263158,-76.233106280280
1.223684210526,53.684210526316,-76.247199582592
1.223684210526,60.526315789474,-76.258671632495
1.223684210526,67.368421052632,-76.268047395457
1.223684210526,74.210526315789,-76.275351201224
1.223684210526,81.052631578947,-76.280542348209
1.223684210526,87.894736842105,-76.283622264482
1.223684210526,94.736842105263,-76.284641890626
1.223684210526,101.578947368421,-76.283686136147
1.223684210526,108.421052631579,-76.280861418655
1.223684210526,115.263157894737,-76.276294150296
1.223684210526,122.105263157895,-76.270136065572
1.223684210526,128.947368421053,-76.262572510398
1.223684210526,135.789473684211,-76.253835451578
1.223684210526,142.631578947368,-76.244225108348
1.223684210526,149.473684210526,-76.234144461780
1.223684210526,156.315789473684,-76.224152476871
1.223684210526,163.157894736842,-76.215037644127
1.223684210526,170.000000000000,-76.207875100447
1.263157894737,40.000000000000,-76.206925754501
1.263157894737,46.842105263158,-76.222957669893
1.263157894737,53.684210526316,-76.235054089736
1.263157894737,60.526315789474,-76.245149657621
1.263157894737,67.368421052632,-76.253518672788
1.263157894737,74.210526315789,-76.260052574450
1.263157894737,81.052631578947,-76.264644700628
1.263157894737,87.894736842105,-76.267262600593
1.263157894737,94.736842105263,-76.267935728781
1.263157894737,101.578947368421,-76.266730603600
1.263157894737,108.421052631579,-76.263735747366
1.263157894737,115.263157894737,-76.259058803307
1.263157894737,122.105263157895,-76.252829289613
1.263157894737,128.947368421053,-76.245204272861
1.263157894737,135.789473684211,-76.236379757852
1.263157894737,142.631578947368,-76.226611329790
1.263157894737,149.473684210526,-76.216248989080
1.263157894737,156.315789473684,-76.205797972062
1.263157894737,163.157894736842,-76.196024078242
1.263157894737,170.000000000000,-76.188095344299
1.302631578947,40.000000000000,-76.198798251449
1.302631578947,46.842105263158,-76.211989881840
1.302631578947,53.684210526316,-76.222243635596
1.302631578947,60.526315789474,-76.231082052712
1.302631578947,67.368421052632,-76.238536173844
1.302631578947,74.210526315789,-76.244373200457
1.302631578947,81.052631578947,-76.248427952807
1.302631578947,87.894736842105,-76.250638695041
1.302631578947,94.736842105263,-76.251015985251
1.302631578947,101.578947368421,-76.249610329910
1.302631578947,108.421052631579,-76.246495048418
1.302631578947,115.263157894737,-76.241761405863
1.302631578947,122.105263157895,-76.235518503186
1.302631578947,128.947368421053,-76.227896612799
1.302631578947,135.789473684211,-76.219056809268
1.302631578947,142.631578947368,-76.209208955453
1.302631578947,149.473684210526,-76.198642829629
1.302631578947,156.315789473684,-76.187788732311
1.302631578947,163.157894736842,-76.177344451171
1.302631578947,170.000000000000,-76.168519152947
1.342105263158,40.000000000000,-76.189904887516
1.342105263158,46.842105263158,-76.200452582181
1.342105263158,53.684210526316,-76.209017197397
1.342105263158,60.526315789474,-76.216717532757
1.342105263158,67.368421052632,-76.223346948166
1.342105263158,74.210526315789,-76.228557559051
1.342105263158,81.052631578947,-76.232133754422
1.342105263158,87.894736842105,-76.233989213868
1.342105263158,94.736842105263,-76.234118378582
1.342105263158,101.578947368421,-76.232558431389
1.342105263158,108.421052631579,-76.229370269449
1.342105263158,115.263157894737,-76.224631197826
1.342105263158,122.105263157895,-76.218432095560
1.342105263158,128.947368421053,-76.210879022554
1.342105263158,135.789473684211,-76.202101086338
1.342105263158,142.631578947368,-76.192264432388
1.342105263158,149.473684210526,-76.181596183752
1.342105263158,156.315789473684,-76.170435123058
1.342105263158,163.157894736842,-76.159357667564
1.342105263158,170.000000000000,-76.149507292007
1.381578947368,40.000000000000,-76.180451958017
1.381578947368,46.842105263158,-76.188546323455
1.381578947368,53.684210526316,-76.195574909649
1.381578947368,60.526315789474,-76.202256281477
1.381578947368,67.368421052632,-76.208149372077
1.381578947368,74.210526315789,-76.212800925359
1.381578947368,81.052631578947,-76.215953930947
1.381578947368,87.894736842105,-76.217502533292
1.381578947368,94.736842105263,-76.217428102819
1.381578947368,101.578947368421,-76.215757309951
1.381578947368,108.421052631579,-76.212541282347
1.381578947368,115.263157894737,-76.207845700345
1.381578947368,122.105263157895,-76.201745795892
1.381578947368,128.947368421053,-76.194327041146
1.381578947368,135.789473684211,-76.185691397937
1.381578947368,142.631578947368,-76.175966820928
1.381578947368,149.473684210526,-76.165322113453
1.381578947368,156.315789473684,-76.153999696893
1.381578947368,163.157894736842,-76.142409310572
1.381578947368,170.000000000000,-76.131459570701
1.421052631579,40.000000000000,-76.170607218782
1.421052631579,46.842105263158,-76.176432778068
1.421052631579,53.684210526316,-76.182078381178
1.421052631579,60.526315789474,-76.187860599513
1.421052631579,67.368421052632,-76.193104028197
1.421052631579,74.210526315789,-76.197260191320
1.421052631579,81.052631578947,-76.200041183673
1.421052631579,87.894736842105,-76.201327418874
1.421052631579,94.736842105263,-76.201090513383
1.421052631579,101.578947368421,-76.199349334246
1.421052631579,108.421052631579,-76.196147581144
1.421052631579,115.263157894737,-76.191541487458
1.421052631579,122.105263157895,-76.185593541866
1.421052631579,128.947368421053,-76.178373097806
1.421052631579,135.789473684211,-76.169961379735
1.421052631579,142.631578947368,-76.160457113918
1.421052631579,149.473684210526,-76.149983169536
1.421052631579,156.315789473684,-76.138699585946
1.421052631579,163.157894736842,-76.126841451883
1.421052631579,170.000000000000,-76.114901505764
1.460526315789,40.000000000000,-76.160507862126
1.460526315789,46.842105263158,-76.164242795706
1.460526315789,53.684210526316,-76.168658801455
1.460526315789,60.526315789474,-76.173663354879
1.460526315789,67.368421052632,-76.178342485394
1.460526315789,74.210526315789,-76.182062603481
1.460526315789,81.052631578947,-76.184517683705
1.460526315789,87.894736842105,-76.185581559617
1.460526315789,94.736842105263,-76.185219629535
1.460526315789,101.578947368421,-76.183445325395
1.460526315789,108.421052631579,-76.180296800170
1.460526315789,115.263157894737,-76.175822823006
1.460526315789,122.105263157895,-76.170076279108
1.460526315789,128.947368421053,-76.163115424173
1.460526315789,135.789473684211,-76.155008293912
1.460526315789,142.631578947368,-76.145836252498
1.460526315789,149.473684210526,-76.135696532496
1.460526315789,156.315789473684,-76.124704047855
1.460526315789,163.157894736842,-76.112984605284
1.460526315789,170.000000000000,-76.100610250016
1.500000000000,40.000000000000,-76.150266733936
1.500000000000,46.842105263158,-76.152082778785
1.500000000000,53.684210526316,-76.155423335892
1.500000000000,60.526315789474,-76.159774654973
1.500000000000,67.368421052632,-76.163974428069
1.500000000000,74.210526315789,-76.167312932433
1.500000000000,81.052631578947,-76.169482052878
1.500000000000,87.894736842105,-76.170358405317
1.500000000000,94.736842105263,-76.169904892144
1.500000000000,101.578947368421,-76.168131292412
1.500000000000,108.421052631579,-76.165071506835
1.500000000000,115.263157894737,-76.160768605258
1.500000000000,122.105263157895,-76.155269111902
1.500000000000,128.947368421053,-76.148625429697
1.500000000000,135.789473684211,-76.140900573631
1.500000000000,142.631578947368,-76.132172406758
1.500000000000,149.473684210526,-76.122539167980
1.500000000000,156.315789473684,-76.112130358473
1.500000000000,163.157894736842,-76.101124980375
1.500000000000,170.000000000000,-76.089695008830
