r1,a1,E
0.750000000000,40.000000000000,-75.925404563140
0.750000000000,44.482758620690,-75.977464081715
0.750000000000,48.965517241379,-76.017550134290
0.750000000000,53.448275862069,-76.049461924044
0.750000000000,57.931034482759,-76.075568547516
0.750000000000,62.413793103448,-76.097365936407
0.750000000000,66.896551724138,-76.115809976208
0.750000000000,71.379310344828,-76.131520363740
0.750000000000,75.862068965517,-76.144906610838
0.750000000000,80.344827586207,-76.156246803069
0.750000000000,84.827586206897,-76.165737853951
0.750000000000,89.310344827586,-76.173528446089
0.750000000000,93.793103448276,-76.179740935693
0.750000000000,98.275862068966,-76.184485606993
0.750000000000,102.758620689655,-76.187869347898
0.750000000000,107.241379310345,-76.190000419915
0.750000000000,111.724137931034,-76.190990809726
0.750000000000,116.206896551724,-76.190957320460
0.750000000000,120.689655172414,-76.190022093162
0.750000000000,125.172413793103,-76.188312821021
0.750000000000,129.655172413793,-76.185962682062
0.750000000000,134.137931034483,-76.183109941750
0.750000000000,138.620689655172,-76.179897157068
0.750000000000,143.103448275862,-76.176469870611
0.750000000000,147.586206896552,-76.172974645426
0.750000000000,152.068965517241,-76.169556311208
0.750000000000,156.551724137931,-76.166354408397
0.750000000000,161.034482758621,-76.163498977344
0.750000000000,165.517241379310,-76.161106002451
0.750000000000,170.000000000000,-76.159272909302
0.775862068966,40.000000000000,-75.981158135950
0.775862068966,44.482758620690,-76.030245170875
0.775862068966,48.965517241379,-76.068070497207
0.775862068966,53.448275862069,-76.098232853008
0.775862068966,57.931034482759,-76.122958909431
0.775862068966,62.413793103448,-76.143641857344
0.775862068966,66.896551724138,-76.161163477564
0.775862068966,71.379310344828,-76.176090425809
0.775862068966,75.862068965517,-76.188794863751
0.775862068966,80.344827586207,-76.199529396616
0.775862068966,84.827586206897,-76.208474422088
0.775862068966,89.310344827586,-76.215768555919
0.775862068966,93.793103448276,-76.221528200253
0.775862068966,98.275862068966,-76.225859752007
0.775862068966,102.758620689655,-76.228866763219
0.775862068966,107.241379310345,-76.230653877228
0.775862068966,111.724137931034,-76.231328985679
0.775862068966,116.206896551724,-76.231004568903
0.775862068966,120.689655172414,-76.229798663702
0.775862068966,125.172413793103,-76.227835524102
0.775862068966,129.655172413793,-76.225245883008
0.775862068966,134.137931034483,-76.222166706440
0.775862068966,138.620689655172,-76.218740365543
0.775862068966,143.103448275862,-76.215113162314
0.775862068966,147.586206896552,-76.211433139488
0.775862068966,152.068965517241,-76.207847111150
0.775862068966,156.551724137931,-76.204496911901
0.775862068966,161.034482758621,-76.201514984228
0.775862068966,165.517241379310,-76.199019588920
0.775862068966,170.000000000000,-76.197110067325
0.801724137931,40.000000000000,-76.027440396457
0.801724137931,44.482758620690,-76.073699331441
0.801724137931,48.965517241379,-76.109372481407
0.801724137931,53.448275862069,-76.137867291768
0.801724137931,57.931034482759,-76.161274259036
0.801724137931,62.413793103448,-76.180888593338
0.801724137931,66.896551724138,-76.197521793952
0.801724137931,71.379310344828,-76.211690693262
0.801724137931,75.862068965517,-76.223732895170
0.801724137931,80.344827586207,-76.233877880496
0.801724137931,84.827586206897,-76.242291300416
0.801724137931,89.310344827586,-76.249102746750
0.801724137931,93.793103448276,-76.254422988539
0.801724137931,98.275862068966,-76.258354309050
0.801724137931,102.758620689655,-76.260996427795
0.801724137931,107.241379310345,-76.262449877561
0.801724137931,111.724137931034,-76.262818159616
0.801724137931,116.206896551724,-76.262209403746
0.801724137931,120.689655172414,-76.260737742546
0.801724137931,125.172413793103,-76.258524309434
0.801724137931,129.655172413793,-76.255697693984
0.801724137931,134.137931034483,-76.252393736123
0.801724137931,138.620689655172,-76.248754617008
0.801724137931,143.103448275862,-76.244927252939
0.801724137931,147.586206896552,-76.241060984009
0.801724137931,152.068965517241,-76.237304513053
0.801724137931,156.551724137931,-76.233802059672
0.801724137931,161.034482758621,-76.230688800659
0.801724137931,165.517241379310,-76.228085848470
0.801724137931,170.000000000000,-76.226095211597
0.827586206897,40.000000000000,-76.065683634735
0.827586206897,44.482758620690,-76.109244591806
0.827586206897,48.965517241379,-76.142863629654
0.827586206897,53.448275862069,-76.169764942380
0.827586206897,57.931034482759,-76.191908518863
0.827586206897,62.413793103448,-76.210495987219
0.827586206897,66.896551724138,-76.226272181832
0.827586206897,71.379310344828,-76.239707207215
0.827586206897,75.862068965517,-76.251106756448
0.827586206897,80.344827586207,-76.260679283667
0.827586206897,84.827586206897,-76.268577083368
0.827586206897,89.310344827586,-76.274921347795
0.827586206897,93.793103448276,-76.279817194713
0.827586206897,98.275862068966,-76.283362397723
0.827586206897,102.758620689655,-76.285652365449
0.827586206897,107.241379310345,-76.286783185639
0.827586206897,111.724137931034,-76.286853880966
0.827586206897,116.206896551724,-76.285968371629
0.827586206897,120.689655172414,-76.284237160075
0.827586206897,125.172413793103,-76.281778540374
0.827586206897,129.655172413793,-76.278719133952
0.827586206897,134.137931034483,-76.275193655815
0.827586206897,138.620689655172,-76.271343934765
0.827586206897,143.103448275862,-76.267317259730
0.827586206897,147.586206896552,-76.263264071288
0.827586206897,152.068965517241,-76.259334918069
0.827586206897,156.551724137931,-76.255676582091
0.827586206897,161.034482758621,-76.252427389443
0.827586206897,165.517241379310,-76.249711931469
0.827586206897,170.000000000000,-76.247635649667
0.853448275862,40.000000000000,-76.097095870883
0.853448275862,44.482758620690,-76.138076889205
0.853448275862,48.965517241379,-76.169730864311
0.853448275862,53.448275862069,-76.195105990982
0.853448275862,57.931034482759,-76.216036965702
0.853448275862,62.413793103448,-76.233635942621
0.853448275862,66.896551724138,-76.248584530862
0.853448275862,71.379310344828,-76.261309055452
0.853448275862,75.862068965517,-76.272085736899
0.853448275862,80.344827586207,-76.281103791734
0.853448275862,84.827586206897,-76.288503183385
0.853448275862,89.310344827586,-76.294397007231
0.853448275862,93.793103448276,-76.298884518756
0.853448275862,98.275862068966,-76.302058552228
0.853448275862,102.758620689655,-76.304009825147
0.853448275862,107.241379310345,-76.304829807648
0.853448275862,111.724137931034,-76.304613103565
0.853448275862,116.206896551724,-76.303459640532
0.853448275862,120.689655172414,-76.301476546274
0.853448275862,125.172413793103,-76.298779453004
0.853448275862,129.655172413793,-76.295493032170
0.853448275862,134.137931034483,-76.291750715632
0.853448275862,138.620689655172,-76.287693702443
0.853448275862,143.103448275862,-76.283469372102
0.853448275862,147.586206896552,-76.279229099180
0.853448275862,152.068965517241,-76.275125313404
0.853448275862,156.551724137931,-76.271307630273
0.853448275862,161.034482758621,-76.267918021365
0.853448275862,165.517241379310,-76.265085231252
0.853448275862,170.000000000000,-76.262918904817
0.879310344828,40.000000000000,-76.122698216833
0.879310344828,44.482758620690,-76.161207087283
0.879310344828,48.965517241379,-76.190977340065
0.879310344828,53.448275862069,-76.214887864666
0.879310344828,57.931034482759,-76.234652923098
0.879310344828,62.413793103448,-76.251299067436
0.879310344828,66.896551724138,-76.265447952699
0.879310344828,71.379310344828,-76.277484887229
0.879310344828,75.862068965517,-76.287658796316
0.879310344828,80.344827586207,-76.296141120573
0.879310344828,84.827586206897,-76.303060203696
0.879310344828,89.310344827586,-76.308521133520
0.879310344828,93.793103448276,-76.312617024021
0.879310344828,98.275862068966,-76.315435400787
0.879310344828,102.758620689655,-76.317062041652
0.879310344828,107.241379310345,-76.317583759230
0.879310344828,111.724137931034,-76.317090877583
0.879310344828,116.206896551724,-76.315679547818
0.879310344828,120.689655172414,-76.313453698538
0.879310344828,125.172413793103,-76.310526340734
0.879310344828,129.655172413793,-76.307020056773
0.879310344828,134.137931034483,-76.303066701033
0.879310344828,138.620689655172,-76.298806485753
0.879310344828,143.103448275862,-76.294386584917
0.879310344828,147.586206896552,-76.289959179421
0.879310344828,152.068965517241,-76.285678683980
0.879310344828,156.551724137931,-76.281697901653
0.879310344828,161.034482758621,-76.278163032578
0.879310344828,165.517241379310,-76.275207728363
0.879310344828,170.000000000000,-76.272946667703
0.905172413793,40.000000000000,-76.143355225118
0.905172413793,44.482758620690,-76.179491082223
0.905172413793,48.965517241379,-76.207452433208
0.905172413793,53.448275862069,-76.229955143603
0.905172413793,57.931034482759,-76.248597613428
0.905172413793,62.413793103448,-76.264324469046
0.905172413793,66.896551724138,-76.277700507909
0.905172413793,71.379310344828,-76.289072563418
0.905172413793,75.862068965517,-76.298664152258
0.905172413793,80.344827586207,-76.306630088564
0.905172413793,84.827586206897,-76.313087560958
0.905172413793,89.310344827586,-76.318133623761
0.905172413793,93.793103448276,-76.321854990284
0.905172413793,98.275862068966,-76.324333617446
0.905172413793,102.758620689655,-76.325650224306
0.905172413793,107.241379310345,-76.325887017925
0.905172413793,111.724137931034,-76.325130203384
0.905172413793,116.206896551724,-76.323472320282
0.905172413793,120.689655172414,-76.321014165062
0.905172413793,125.172413793103,-76.317866026619
0.905172413793,129.655172413793,-76.314148117269
0.905172413793,134.137931034483,-76.309990310961
0.905172413793,138.620689655172,-76.305531419633
0.905172413793,143.103448275862,-76.300918106585
0.905172413793,147.586206896552,-76.296303251029
0.905172413793,152.068965517241,-76.291843393591
0.905172413793,156.551724137931,-76.287694935340
0.905172413793,161.034482758621,-76.284008973842
0.905172413793,165.517241379310,-76.280924942123
0.905172413793,170.000000000000,-76.278563529278
0.931034482759,40.000000000000,-76.159799792148
0.931034482759,44.482758620690,-76.193654525033
0.931034482759,48.965517241379,-76.219876365969
0.931034482759,53.448275862069,-76.241024112132
0.931034482759,57.931034482759,-76.258584646494
0.931034482759,62.413793103448,-76.273424175773
0.931034482759,66.896551724138,-76.286053550350
0.931034482759,71.379310344828,-76.296783425926
0.931034482759,75.862068965517,-76.305813503438
0.931034482759,80.344827586207,-76.313282846691
0.931034482759,84.827586206897,-76.319297780599
0.931034482759,89.310344827586,-76.323947260705
0.931034482759,93.793103448276,-76.327311411665
0.931034482759,98.275862068966,-76.329466483550
0.931034482759,102.758620689655,-76.330488126763
0.931034482759,107.241379310345,-76.330454047791
0.931034482759,111.724137931034,-76.329446478192
0.931034482759,116.206896551724,-76.327554437422
0.931034482759,120.689655172414,-76.324875543574
0.931034482759,125.172413793103,-76.321517133695
0.931034482759,129.655172413793,-76.317596652318
0.931034482759,134.137931034483,-76.313241509542
0.931034482759,138.620689655172,-76.308588663443
0.931034482759,143.103448275862,-76.303783945743
0.931034482759,147.586206896552,-76.298980817893
0.931034482759,152.068965517241,-76.294338086281
0.931034482759,156.551724137931,-76.290016184851
0.931034482759,161.034482758621,-76.286171854215
0.931034482759,165.517241379310,-76.282951331592
0.931034482759,170.000000000000,-76.280482509598
0.956896551724,40.000000000000,-76.172653809025
0.956896551724,44.482758620690,-76.204313319204
0.956896551724,48.965517241379,-76.228860606854
0.956896551724,53.448275862069,-76.248703083211
0.956896551724,57.931034482759,-76.265220274651
0.956896551724,62.413793103448,-76.279203316998
0.956896551724,66.896551724138,-76.291111828702
0.956896551724,71.379310344828,-76.301222331941
0.956896551724,75.862068965517,-76.309712030734
0.956896551724,80.344827586207,-76.316704894552
0.956896551724,84.827586206897,-76.322296569749
0.956896551724,89.310344827586,-76.326567861186
0.956896551724,93.793103448276,-76.329592210208
0.956896551724,98.275862068966,-76.331440135935
0.956896551724,102.758620689655,-76.332182293209
0.956896551724,107.241379310345,-76.331892017706
0.956896551724,111.724137931034,-76.330647679732
0.956896551724,116.206896551724,-76.328534792701
0.956896551724,120.689655172414,-76.325647646815
0.956896551724,125.172413793103,-76.322090290136
0.956896551724,129.655172413793,-76.317976915500
0.956896551724,134.137931034483,-76.313431934133
0.956896551724,138.620689655172,-76.308589969596
0.956896551724,143.103448275862,-76.303595675915
0.956896551724,147.586206896552,-76.298602944412
0.956896551724,152.068965517241,-76.293772950754
0.956896551724,156.551724137931,-76.289270590880
0.956896551724,161.034482758621,-76.285259056060
0.956896551724,165.517241379310,-76.281892567287
0.956896551724,170.000000000000,-76.279307663129
0.982758620690,40.000000000000,-76.182445451687
0.982758620690,44.482758620690,-76.211990764149
0.982758620690,48.965517241379,-76.234924907679
0.982758620690,53.448275862069,-76.253509351139
0.982758620690,57.931034482759,-76.269020269732
0.982758620690,62.413793103448,-76.282176923558
0.982758620690,66.896551724138,-76.293390213134
0.982758620690,71.379310344828,-76.302904325255
0.982758620690,75.862068965517,-76.310875045810
0.982758620690,80.344827586207,-76.317411743055
0.982758620690,84.827586206897,-76.322599519353
0.982758620690,89.310344827586,-76.326511024069
0.982758620690,93.793103448276,-76.329213019098
0.982758620690,98.275862068966,-76.330770366700
0.982758620690,102.758620689655,-76.331248859093
0.982758620690,107.241379310345,-76.330717599009
0.982758620690,111.724137931034,-76.329251169453
0.982758620690,116.206896551724,-76.326931520383
0.982758620690,120.689655172414,-76.323849376733
0.982758620690,125.172413793103,-76.320105079371
0.982758620690,129.655172413793,-76.315809032968
0.982758620690,134.137931034483,-76.311082091521
0.982758620690,138.620689655172,-76.306056046574
0.982758620690,143.103448275862,-76.300873990837
0.982758620690,147.586206896552,-76.295690029239
0.982758620690,152.068965517241,-76.290667739094
0.982758620690,156.551724137931,-76.285976868178
0.982758620690,161.034482758621,-76.281787904209
0.982758620690,165.517241379310,-76.278264379305
0.982758620690,170.000000000000,-76.275553175644
1.008620689655,40.000000000000,-76.189623765533
1.008620689655,44.482758620690,-76.217131987579
1.008620689655,48.965517241379,-76.238511618334
1.008620689655,53.448275862069,-76.255883414665
1.008620689655,57.931034482759,-76.270424066723
1.008620689655,62.413793103448,-76.282783997832
1.008620689655,66.896551724138,-76.293327702890
1.008620689655,71.379310344828,-76.302268601596
1.008620689655,75.862068965517,-76.309741942064
1.008620689655,80.344827586207,-76.315842875426
1.008620689655,84.827586206897,-76.320646088383
1.008620689655,89.310344827586,-76.324216138044
1.008620689655,93.793103448276,-76.326613206936
1.008620689655,98.275862068966,-76.327896656278
1.008620689655,102.758620689655,-76.328127591417
1.008620689655,107.241379310345,-76.327371019256
1.008620689655,111.724137931034,-76.325697772070
1.008620689655,116.206896551724,-76.323186115868
1.008620689655,120.689655172414,-76.319922902706
1.008620689655,125.172413793103,-76.316004296678
1.008620689655,129.655172413793,-76.311536359750
1.008620689655,134.137931034483,-76.306635832533
1.008620689655,138.620689655172,-76.301431164167
1.008620689655,143.103448275862,-76.296063449878
1.008620689655,147.586206896552,-76.290686696277
1.008620689655,152.068965517241,-76.285466802818
1.008620689655,156.551724137931,-76.280578675075
1.008620689655,161.034482758621,-76.276200941621
1.008620689655,165.517241379310,-76.272507899429
1.008620689655,170.000000000000,-76.269658731552
1.034482758621,40.000000000000,-76.194571019476
1.034482758621,44.482758620690,-76.220116140552
1.034482758621,48.965517241379,-76.239997756291
1.034482758621,53.448275862069,-76.256200950483
1.034482758621,57.931034482759,-76.269806657660
1.034482758621,62.413793103448,-76.281399341409
1.034482758621,66.896551724138,-76.291299203179
1.034482758621,71.379310344828,-76.299690255277
1.034482758621,75.862068965517,-76.306687932640
1.034482758621,80.344827586207,-76.312373492452
1.034482758621,84.827586206897,-76.316811362938
1.034482758621,89.310344827586,-76.320058153656
1.034482758621,93.793103448276,-76.322167658516
1.034482758621,98.275862068966,-76.323193960739
1.034482758621,102.758620689655,-76.323193684889
1.034482758621,107.241379310345,-76.322227873861
1.034482758621,111.724137931034,-76.320363610168
1.034482758621,116.206896551724,-76.317675301226
1.034482758621,120.689655172414,-76.314245569357
1.034482758621,125.172413793103,-76.310165913912
1.034482758621,129.655172413793,-76.305537515526
1.034482758621,134.137931034483,-76.300472465538
1.034482758621,138.620689655172,-76.295095346049
1.034482758621,143.103448275862,-76.289544743927
1.034482758621,147.586206896552,-76.283974125796
1.034482758621,152.068965517241,-76.278551471837
1.034482758621,156.551724137931,-76.273457007354
1.034482758621,161.034482758621,-76.268878288290
1.034482758621,165.517241379310,-76.265001926533
1.034482758621,170.000000000000,-76.262001642559
1.060344827586,40.000000000000,-76.197613175040
1.060344827586,44.482758620690,-76.221266705523
1.060344827586,48.965517241379,-76.239705189062
1.060344827586,53.448275862069,-76.254782899372
1.060344827586,57.931034482759,-76.267488602451
1.060344827586,62.413793103448,-76.278343507837
1.060344827586,66.896551724138,-76.287625437151
1.060344827586,71.379310344828,-76.295490169207
1.060344827586,75.862068965517,-76.302033936086
1.060344827586,80.344827586207,-76.307324405771
1.060344827586,84.827586206897,-76.311415961539
1.060344827586,89.310344827586,-76.314357499643
1.060344827586,93.793103448276,-76.316196698587
1.060344827586,98.275862068966,-76.316982640367
1.060344827586,102.758620689655,-76.316767695412
1.060344827586,107.241379310345,-76.315609064619
1.060344827586,111.724137931034,-76.313570047908
1.060344827586,116.206896551724,-76.310720977092
1.060344827586,120.689655172414,-76.307139865259
1.060344827586,125.172413793103,-76.302913076456
1.060344827586,129.655172413793,-76.298136416281
1.060344827586,134.137931034483,-76.292916822144
1.060344827586,138.620689655172,-76.287374462434
1.060344827586,143.103448275862,-76.281644809917
1.060344827586,147.586206896552,-76.275880181615
1.060344827586,152.068965517241,-76.270250179600
1.060344827586,156.551724137931,-76.264940292976
1.060344827586,161.034482758621,-76.260147657205
1.060344827586,165.517241379310,-76.256072805065
1.060344827586,170.000000000000,-76.252906547649
1.086206896552,40.000000000000,-76.199028733566
1.086206896552,44.482758620690,-76.220860189670
1.086206896552,48.965517241379,-76.237909208554
1.086206896552,53.448275862069,-76.251903950364
1.086206896552,57.931034482759,-76.263744443990
1.086206896552,62.413793103448,-76.273891166467
1.086206896552,66.896551724138,-76.282581275091
1.086206896552,71.379310344828,-76.289943327326
1.086206896552,75.862068965517,-76.296054888437
1.086206896552,80.344827586207,-76.300970360485
1.086206896552,84.827586206897,-76.304734372910
1.086206896552,89.310344827586,-76.307388433446
1.086206896552,93.793103448276,-76.308974449937
1.086206896552,98.275862068966,-76.309536819931
1.086206896552,102.758620689655,-76.309123896935
1.086206896552,107.241379310345,-76.307789147575
1.086206896552,111.724137931034,-76.305592025482
1.086206896552,116.206896551724,-76.302598544716
1.086206896552,120.689655172414,-76.298881739829
1.086206896552,125.172413793103,-76.294522422401
1.086206896552,129.655172413793,-76.289610596672
1.086206896552,134.137931034483,-76.284247577631
1.086206896552,138.620689655172,-76.278548542622
1.086206896552,143.103448275862,-76.272645132541
1.086206896552,147.586206896552,-76.266687706483
1.086206896552,152.068965517241,-76.260846755134
1.086206896552,156.551724137931,-76.255312670780
1.086206896552,161.034482758621,-76.250292588663
1.086206896552,165.517241379310,-76.246002561756
1.086206896552,170.000000000000,-76.242653401204
1.112068965517,40.000000000000,-76.199056176895
1.112068965517,44.482758620690,-76.219133427582
1.112068965517,48.965517241379,-76.234845728623
1.112068965517,53.448275862069,-76.247799657681
1.112068965517,57.931034482759,-76.258809763621
1.112068965517,62.413793103448,-76.268278111601
1.112068965517,66.896551724138,-76.276402712720
1.112068965517,71.379310344828,-76.283285779704
1.112068965517,75.862068965517,-76.288986711471
1.112068965517,80.344827586207,-76.293547018209
1.112068965517,84.827586206897,-76.297001956443
1.112068965517,89.310344827586,-76.299386055439
1.112068965517,93.793103448276,-76.300735853542
1.112068965517,98.275862068966,-76.301091406449
1.112068965517,102.758620689655,-76.300497288571
1.112068965517,107.241379310345,-76.299003321250
1.112068965517,111.724137931034,-76.296665023976
1.112068965517,116.206896551724,-76.293543850002
1.112068965517,120.689655172414,-76.289707532347
1.112068965517,125.172413793103,-76.285230997586
1.112068965517,129.655172413793,-76.280198104582
1.112068965517,134.137931034483,-76.274704114996
1.112068965517,138.620689655172,-76.268858606127
1.112068965517,143.103448275862,-76.262788551757
1.112068965517,147.586206896552,-76.256641326706
1.112068965517,152.068965517241,-76.250587251497
1.112068965517,156.551724137931,-76.244820860466
1.112068965517,161.034482758621,-76.239559346684
1.112068965517,165.517241379310,-76.235035771817
1.112068965517,170.000000000000,-76.231484233474
1.137931034483,40.000000000000,-76.197900192959
1.137931034483,44.482758620690,-76.216289690647
1.137931034483,48.965517241379,-76.230717306724
1.137931034483,53.448275862069,-76.242672394781
1.137931034483,57.931034482759,-76.252887081680
1.137931034483,62.413793103448,-76.261707120762
1.137931034483,66.896551724138,-76.269292701034
1.137931034483,71.379310344828,-76.275720462049
1.137931034483,75.862068965517,-76.281032139651
1.137931034483,80.344827586207,-76.285256801106
1.137931034483,84.827586206897,-76.288420804252
1.137931034483,89.310344827586,-76.290552182091
1.137931034483,93.793103448276,-76.291682544040
1.137931034483,98.275862068966,-76.291847958112
1.137931034483,102.758620689655,-76.291089448541
1.137931034483,107.241379310345,-76.289453259500
1.137931034483,111.724137931034,-76.286990876675
1.137931034483,116.206896551724,-76.283758977687
1.137931034483,120.689655172414,-76.279819751318
1.137931034483,125.172413793103,-76.275242013253
1.137931034483,129.655172413793,-76.270103223123
1.137931034483,134.137931034483,-76.264492200554
1.137931034483,138.620689655172,-76.258512291866
1.137931034483,143.103448275862,-76.252284863011
1.137931034483,147.586206896552,-76.245953060296
1.137931034483,152.068965517241,-76.239685611986
1.137931034483,156.551724137931,-76.233679930144
1.137931034483,161.034482758621,-76.228162792046
1.137931034483,165.517241379310,-76.223385471827
1.137931034483,170.000000000000,-76.219608986618
1.163793103448,40.000000000000,-76.195736863693
1.163793103448,44.482758620690,-76.212503783262
1.163793103448,48.965517241379,-76.225698172253
1.163793103448,53.448275862069,-76.236696328430
1.163793103448,57.931034482759,-76.246150785771
1.163793103448,62.413793103448,-76.254352844452
1.163793103448,66.896551724138,-76.261426011550
1.163793103448,71.379310344828,-76.267422055073
1.163793103448,75.862068965517,-76.272365589140
1.163793103448,80.344827586207,-76.276273777609
1.163793103448,84.827586206897,-76.279164640850
1.163793103448,89.310344827586,-76.281060251945
1.163793103448,93.793103448276,-76.281987753502
1.163793103448,98.275862068966,-76.281979578656
1.163793103448,102.758620689655,-76.281073413888
1.163793103448,107.241379310345,-76.279311975485
1.163793103448,111.724137931034,-76.276742621711
1.163793103448,116.206896551724,-76.273417097497
1.163793103448,120.689655172414,-76.269391910313
1.163793103448,125.172413793103,-76.264729657333
1.163793103448,129.655172413793,-76.259501238837
1.163793103448,134.137931034483,-76.253788696238
1.163793103448,138.620689655172,-76.247688515306
1.163793103448,143.103448275862,-76.241315442640
1.163793103448,147.586206896552,-76.234806957894
1.163793103448,152.068965517241,-76.228328396574
1.163793103448,156.551724137931,-76.222078181274
1.163793103448,161.034482758621,-76.216291453508
1.163793103448,165.517241379310,-76.211238344519
1.163793103448,170.000000000000,-76.207210638863
1.189655172414,40.000000000000,-76.192717980356
1.189655172414,44.482758620690,-76.207926290472
1.189655172414,48.965517241379,-76.219938424413
1.189655172414,53.448275862069,-76.230021575470
1.189655172414,57.931034482759,-76.238751249395
1.189655172414,62.413793103448,-76.246365892125
1.189655172414,66.896551724138,-76.252953302815
1.189655172414,71.379310344828,-76.258541049158
1.189655172414,75.862068965517,-76.263137233006
1.189655172414,80.344827586207,-76.266747750989
1.189655172414,84.827586206897,-76.269382919406
1.189655172414,89.310344827586,-76.271059422076
1.189655172414,93.793103448276,-76.271800402006
1.189655172414,98.275862068966,-76.271634998208
1.189655172414,102.758620689655,-76.270597750943
1.189655172414,107.241379310345,-76.268727885647
1.189655172414,111.724137931034,-76.266068566784
1.189655172414,116.206896551724,-76.262666532263
1.189655172414,120.689655172414,-76.258572590652
1.189655172414,125.172413793103,-76.253843131991
1.189655172414,129.655172413793,-76.248542433140
1.189655172414,134.137931034483,-76.242745491152
1.189655172414,138.620689655172,-76.236541341947
1.189655172414,143.103448275862,-76.230037083450
1.189655172414,147.586206896552,-76.223362953237
1.189655172414,152.068965517241,-76.216678733603
1.189655172414,156.551724137931,-76.210181307474
1.189655172414,161.034482758621,-76.204111961495
1.189655172414,165.517241379310,-76.198759356824
1.189655172414,170.000000000000,-76.194449800792
1.215517241379,40.000000000000,-76.188974637212
1.215517241379,44.482758620690,-76.202687124430
1.215517241379,48.965517241379,-76.213567544689
1.215517241379,53.448275862069,-76.222777685589
1.215517241379,57.931034482759,-76.230818284450
1.215517241379,62.413793103448,-76.237876259328
1.215517241379,66.896551724138,-76.244004535488
1.215517241379,71.379310344828,-76.249207161372
1.215517241379,75.862068965517,-76.253476427690
1.215517241379,80.344827586207,-76.256807692880
1.215517241379,84.827586206897,-76.259204256258
1.215517241379,89.310344827586,-76.260677997558
1.215517241379,93.793103448276,-76.261248519455
1.215517241379,98.275862068966,-76.260941987406
1.215517241379,102.758620689655,-76.259789964867
1.215517241379,107.241379310345,-76.257828222874
1.215517241379,111.724137931034,-76.255095713263
1.215517241379,116.206896551724,-76.251634191306
1.215517241379,120.689655172414,-76.247488870138
1.215517241379,125.172413793103,-76.242710056957
1.215517241379,129.655172413793,-76.237355440440
1.215517241379,134.137931034483,-76.231492800685
1.215517241379,138.620689655172,-76.225203223342
1.215517241379,143.103448275862,-76.218585184938
1.215517241379,147.586206896552,-76.211760054982
1.215517241379,152.068965517241,-76.204879611198
1.215517241379,156.551724137931,-76.198135930883
1.215517241379,161.034482758621,-76.191772961348
1.215517241379,165.517241379310,-76.186096017411
1.215517241379,170.000000000000,-76.181468986011
1.241379310345,40.000000000000,-76.184620234890
1.241379310345,44.482758620690,-76.196898497034
1.241379310345,48.965517241379,-76.206697347882
1.241379310345,53.448275862069,-76.215076571782
1.241379310345,57.931034482759,-76.222464050638
1.241379310345,62.413793103448,-76.228996220471
1.241379310345,66.896551724138,-76.234691859838
1.241379310345,71.379310344828,-76.239532227673
1.241379310345,75.862068965517,-76.243494611254
1.241379310345,80.344827586207,-76.246564642591
1.241379310345,84.827586206897,-76.248739324816
1.241379310345,89.310344827586,-76.250026317505
1.241379310345,93.793103448276,-76.250442123773
1.241379310345,98.275862068966,-76.250010230974
1.241379310345,102.758620689655,-76.248759375987
1.241379310345,107.241379310345,-76.246721924206
1.241379310345,111.724137931034,-76.243932660069
1.241379310345,116.206896551724,-76.240428484622
1.241379310345,120.689655172414,-76.236249231397
1.241379310345,125.172413793103,-76.231439353263
1.241379310345,129.655172413793,-76.226050089110
1.241379310345,134.137931034483,-76.220141950469
1.241379310345,138.620689655172,-76.213787715640
1.241379310345,143.103448275862,-76.207076409475
1.241379310345,147.586206896552,-76.200118977594
1.241379310345,152.068965517241,-76.193056584761
1.241379310345,156.551724137931,-76.186072576676
1.241379310345,161.034482758621,-76.179408587266
1.241379310345,165.517241379310,-76.173382412198
1.241379310345,170.000000000000,-76.168396793466
1.267241379310,40.000000000000,-76.179753005553
1.267241379310,44.482758620690,-76.190657426065
1.267241379310,48.965517241379,-76.199424474601
1.267241379310,53.448275862069,-76.207014990518
1.267241379310,57.931034482759,-76.213785523296
1.267241379310,62.413793103448,-76.219822790725
1.267241379310,66.896551724138,-76.225112079595
1.267241379310,71.379310344828,-76.229612671989
1.267241379310,75.862068965517,-76.233287774024
1.267241379310,80.344827586207,-76.236114172533
1.267241379310,84.827586206897,-76.238083311818
1.267241379310,89.310344827586,-76.239199201733
1.267241379310,93.793103448276,-76.239475661600
1.267241379310,98.275862068966,-76.238933768296
1.267241379310,102.758620689655,-76.237599568253
1.267241379310,107.241379310345,-76.235502095394
1.267241379310,111.724137931034,-76.232672085331
1.267241379310,116.206896551724,-76.229141812547
1.267241379310,120.689655172414,-76.224946044907
1.267241379310,125.172413793103,-76.220123702716
1.267241379310,129.655172413793,-76.214719822430
1.267241379310,134.137931034483,-76.208787741795
1.267241379310,138.620689655172,-76.202391771680
1.267241379310,143.103448275862,-76.195610891856
1.267241379310,147.586206896552,-76.188544288535
1.267241379310,152.068965517241,-76.181319953682
1.267241379310,156.551724137931,-76.174108108004
1.267241379310,161.034482758621,-76.167141527514
1.267241379310,165.517241379310,-76.160743164653
1.267241379310,170.000000000000,-76.155352319144
1.293103448276,40.000000000000,-76.174458150483
1.293103448276,44.482758620690,-76.184047862213
1.293103448276,48.965517241379,-76.191832510189
1.293103448276,53.448275862069,-76.198676654130
1.293103448276,57.931034482759,-76.204866603315
1.293103448276,62.413793103448,-76.210439839827
1.293103448276,66.896551724138,-76.215348773683
1.293103448276,71.379310344828,-76.219531632607
1.293103448276,75.862068965517,-76.222938581892
1.293103448276,80.344827586207,-76.225538501836
1.293103448276,84.827586206897,-76.227318019228
1.293103448276,89.310344827586,-76.228278043886
1.293103448276,93.793103448276,-76.228430097691
1.293103448276,98.275862068966,-76.227793086060
1.293103448276,102.758620689655,-76.226390493734
1.293103448276,107.241379310345,-76.224248132887
1.293103448276,111.724137931034,-76.221392883611
1.293103448276,116.206896551724,-76.217852708356
1.293103448276,120.689655172414,-76.213657703848
1.293103448276,125.172413793103,-76.208841663572
1.293103448276,129.655172413793,-76.203443781654
1.293103448276,134.137931034483,-76.197510484839
1.293103448276,138.620689655172,-76.191097694821
1.293103448276,143.103448275862,-76.184274087533
1.293103448276,147.586206896552,-76.177126141450
1.293103448276,152.068965517241,-76.169766445870
1.293103448276,156.551724137931,-76.162347611657
1.293103448276,161.034482758621,-76.155085652309
1.293103448276,165.517241379310,-76.148297440180
1.293103448276,170.000000000000,-76.142450241271
1.318965517241,40.000000000000,-76.168809662411
1.318965517241,44.482758620690,-76.177142506631
1.318965517241,48.965517241379,-76.183993796163
1.318965517241,53.448275862069,-76.190134040765
1.318965517241,57.931034482759,-76.195779934464
1.318965517241,62.413793103448,-76.200919923631
1.318965517241,66.896551724138,-76.205474139682
1.318965517241,71.379310344828,-76.209360808433
1.318965517241,75.862068965517,-76.212518214941
1.318965517241,80.344827586207,-76.214908321907
1.318965517241,84.827586206897,-76.216513677857
1.318965517241,89.310344827586,-76.217332617534
1.318965517241,93.793103448276,-76.217374719602
1.318965517241,98.275862068966,-76.216656929010
1.318965517241,102.758620689655,-76.215200297020
1.318965517241,107.241379310345,-76.213027564793
1.318965517241,111.724137931034,-76.210162019031
1.318965517241,116.206896551724,-76.206627694561
1.318965517241,120.689655172414,-76.202450475575
1.318965517241,125.172413793103,-76.197659507207
1.318965517241,129.655172413793,-76.192288611282
1.318965517241,134.137931034483,-76.186377748599
1.318965517241,138.620689655172,-76.179974821267
1.318965517241,143.103448275862,-76.173138329264
1.318965517241,147.586206896552,-76.165941662374
1.318965517241,152.068965517241,-76.158480450569
1.318965517241,156.551724137931,-76.150885704413
1.318965517241,161.034482758621,-76.143348100521
1.318965517241,165.517241379310,-76.136163039731
1.318965517241,170.000000000000,-76.129807238933
1.344827586207,40.000000000000,-76.162871888614
1.344827586207,44.482758620690,-76.170004373159
1.344827586207,48.965517241379,-76.175970987779
1.344827586207,53.448275862069,-76.181449954061
1.344827586207,57.931034482759,-76.186588478863
1.344827586207,62.413793103448,-76.191325882415
1.344827586207,66.896551724138,-76.195550608252
1.344827586207,71.379310344828,-76.199162074260
1.344827586207,75.862068965517,-76.202087971610
1.344827586207,80.344827586207,-76.204284385857
1.344827586207,84.827586206897,-76.205730524717
1.344827586207,89.310344827586,-76.206422647685
1.344827586207,93.793103448276,-76.206368709621
1.344827586207,98.275862068966,-76.205583879576
1.344827586207,102.758620689655,-76.204086908225
1.344827586207,107.241379310345,-76.201897657983
1.344827586207,111.724137931034,-76.199036141649
1.344827586207,116.206896551724,-76.195522902293
1.344827586207,120.689655172414,-76.191380115440
1.344827586207,125.172413793103,-76.186632823700
1.344827586207,129.655172413793,-76.181310059582
1.344827586207,134.137931034483,-76.175445938713
1.344827586207,138.620689655172,-76.169080994175
1.344827586207,143.103448275862,-76.162264160452
1.344827586207,147.586206896552,-76.155056062983
1.344827586207,152.068965517241,-76.147534853987
1.344827586207,156.551724137931,-76.139807230914
1.344827586207,161.034482758621,-76.132030629750
1.344827586207,165.517241379310,-76.124460465266
1.344827586207,170.000000000000,-76.117550724563
1.370689655172,40.000000000000,-76.156700877555
1.370689655172,44.482758620690,-76.162688137976
1.370689655172,48.965517241379,-76.167818399293
1.370689655172,53.448275862069,-76.172678872589
1.370689655172,57.931034482759,-76.177346889378
1.370689655172,62.413793103448,-76.181712244502
1.370689655172,66.896551724138,-76.185632265578
1.370689655172,71.379310344828,-76.188988902213
1.370689655172,75.862068965517,-76.191700676579
1.370689655172,80.344827586207,-76.193718900661
1.370689655172,84.827586206897,-76.195020184412
1.370689655172,89.310344827586,-76.195599186980
1.370689655172,93.793103448276,-76.195462522294
1.370689655172,98.275862068966,-76.194623743760
1.370689655172,102.758620689655,-76.193099440636
1.370689655172,107.241379310345,-76.190906827023
1.370689655172,111.724137931034,-76.188063003902
1.370689655172,116.206896551724,-76.184585491939
1.370689655172,120.689655172414,-76.180493296301
1.370689655172,125.172413793103,-76.175807953232
1.370689655172,129.655172413793,-76.170554384196
1.370689655172,134.137931034483,-76.164761657876
1.370689655172,138.620689655172,-76.158463880719
1.370689655172,143.103448275862,-76.151701512049
1.370689655172,147.586206896552,-76.144523560996
1.370689655172,152.068965517241,-76.136991559004
1.370689655172,156.551724137931,-76.129187352033
1.370689655172,161.034482758621,-76.121229965213
1.370689655172,165.517241379310,-76.113316503396
1.370689655172,170.000000000000,-76.105831211215
1.396551724138,40.000000000000,-76.150345540861
1.396551724138,44.482758620690,-76.155241309001
1.396551724138,48.965517241379,-76.159583169570
1.396551724138,53.448275862069,-76.163868121477
1.396551724138,57.931034482759,-76.168102708186
1.396551724138,62.413793103448,-76.172126462045
1.396551724138,66.896551724138,-76.175766111686
1.396551724138,71.379310344828,-76.178887619223
1.396551724138,75.862068965517,-76.181401922932
1.396551724138,80.344827586207,-76.183256753020
1.396551724138,84.827586206897,-76.184426883796
1.396551724138,89.310344827586,-76.184905825994
1.396551724138,93.793103448276,-76.184699097016
1.396551724138,98.275862068966,-76.183818768927
1.396551724138,102.758620689655,-76.182279419450
1.396551724138,107.241379310345,-76.180095871849
1.396551724138,111.724137931034,-76.177282705136
1.396551724138,116.206896551724,-76.173854904160
1.396551724138,120.689655172414,-76.169828861195
1.396551724138,125.172413793103,-76.165223244232
1.396551724138,129.655172413793,-76.160059625207
1.396551724138,134.137931034483,-76.154362972171
1.396551724138,138.620689655172,-76.148162173732
1.396551724138,143.103448275862,-76.141490778008
1.396551724138,147.586206896552,-76.134388191982
1.396551724138,152.068965517241,-76.126901801577
1.396551724138,156.551724137931,-76.119091094798
1.396551724138,161.034482758621,-76.111036863467
1.396551724138,165.517241379310,-76.102866299888
1.396551724138,170.000000000000,-76.094839531347
1.422413793103,40.000000000000,-76.143848656609
1.422413793103,44.482758620690,-76.147705240320
1.422413793103,48.965517241379,-76.151306275238
1.422413793103,53.448275862069,-76.155058889735
1.422413793103,57.931034482759,-76.158897413117
1.422413793103,62.413793103448,-76.162609998883
1.422413793103,66.896551724138,-76.165993176100
1.422413793103,71.379310344828,-76.168898523545
1.422413793103,75.862068965517,-76.171231173223
1.422413793103,80.344827586207,-76.172936593483
1.422413793103,84.827586206897,-76.173988524279
1.422413793103,89.310344827586,-76.174379759833
1.422413793103,93.793103448276,-76.174114924461
1.422413793103,98.275862068966,-76.173204718977
1.422413793103,102.758620689655,-76.171661862320
1.422413793103,107.241379310345,-76.169499065264
1.422413793103,111.724137931034,-76.166728786141
1.422413793103,116.206896551724,-76.163363964096
1.422413793103,120.689655172414,-76.159418943462
1.422413793103,125.172413793103,-76.154910189794
1.422413793103,129.655172413793,-76.149856748709
1.422413793103,134.137931034483,-76.144280554066
1.422413793103,138.620689655172,-76.138206708864
1.422413793103,143.103448275862,-76.131663837932
1.422413793103,147.586206896552,-76.124684594099
1.422413793103,152.068965517241,-76.117306400819
1.422413793103,156.551724137931,-76.109572534404
1.422413793103,161.034482758621,-76.101533735284
1.422413793103,165.517241379310,-76.093252148074
1.422413793103,170.000000000000,-76.084827968501
1.448275862069,40.000000000000,-76.137247732831
1.448275862069,44.482758620690,-76.140116012224
1.448275862069,48.965517241379,-76.143023413082
1.448275862069,53.448275862069,-76.146287117908
1.448275862069,57.931034482759,-76.149767329697
1.448275862069,62.413793103448,-76.153199286608
1.448275862069,66.896551724138,-76.156349508519
1.448275862069,71.379310344828,-76.159056880455
1.448275862069,75.862068965517,-76.161222740454
1.448275862069,80.344827586207,-76.162791798029
1.448275862069,84.827586206897,-76.163737629603
1.448275862069,89.310344827586,-76.164052728878
1.448275862069,93.793103448276,-76.163740986248
1.448275862069,98.275862068966,-76.162811814870
1.448275862069,102.758620689655,-76.161276227829
1.448275862069,107.241379310345,-76.159145107843
1.448275862069,111.724137931034,-76.156429192259
1.448275862069,116.206896551724,-76.153139856462
1.448275862069,120.689655172414,-76.149289958748
1.448275862069,125.172413793103,-76.144894440383
1.448275862069,129.655172413793,-76.139970683365
1.448275862069,134.137931034483,-76.134538736786
1.448275862069,138.620689655172,-76.128621518613
1.448275862069,143.103448275862,-76.122245062069
1.448275862069,147.586206896552,-76.115438836398
1.448275862069,152.068965517241,-76.108236097841
1.448275862069,156.551724137931,-76.100673893887
1.448275862069,161.034482758621,-76.092791002614
1.448275862069,165.517241379310,-76.084616758081
1.448275862069,170.000000000000,-76.076126624770
1.474137931034,40.000000000000,-76.130575748140
1.474137931034,44.482758620690,-76.132505192698
1.474137931034,48.965517241379,-76.134765769813
1.474137931034,53.448275862069,-76.137584271336
1.474137931034,57.931034482759,-76.140744422323
1.474137931034,62.413793103448,-76.143926558966
1.474137931034,66.896551724138,-76.146867055138
1.474137931034,71.379310344828,-76.149393814079
1.474137931034,75.862068965517,-76.151406666793
1.474137931034,80.344827586207,-76.152851325661
1.474137931034,84.827586206897,-76.153702184603
1.474137931034,89.310344827586,-76.153951845673
1.474137931034,93.793103448276,-76.153603578486
1.474137931034,98.275862068966,-76.152665561164
1.474137931034,102.758620689655,-76.151147244921
1.474137931034,107.241379310345,-76.149057963239
1.474137931034,111.724137931034,-76.146407118128
1.474137931034,116.206896551724,-76.143204985061
1.474137931034,120.689655172414,-76.139463485108
1.474137931034,125.172413793103,-76.135196710995
1.474137931034,129.655172413793,-76.130421258542
1.474137931034,134.137931034483,-76.125156487011
1.474137931034,138.620689655172,-76.119424836147
1.474137931034,143.103448275862,-76.113252317563
1.474137931034,147.586206896552,-76.106669341164
1.474137931034,152.068965517241,-76.099712117276
1.474137931034,156.551724137931,-76.092424921509
1.474137931034,161.034482758621,-76.084862874760
1.474137931034,165.517241379310,-76.077089655156
1.474137931034,170.000000000000,-76.069130990690
1.500000000000,40.000000000000,-76.123861782856
1.500000000000,44.482758620690,-76.124900493483
1.500000000000,48.965517241379,-76.126560694761
1.500000000000,53.448275862069,-76.128978017355
1.500000000000,57.931034482759,-76.131856978525
1.500000000000,62.413793103448,-76.134820571494
1.500000000000,66.896551724138,-76.137574432984
1.500000000000,71.379310344828,-76.139937108297
1.500000000000,75.862068965517,-76.141809516837
1.500000000000,80.344827586207,-76.143140486232
1.500000000000,84.827586206897,-76.143906378359
1.500000000000,89.310344827586,-76.144100321909
1.500000000000,93.793103448276,-76.143725031347
1.500000000000,98.275862068966,-76.142787464696
1.500000000000,102.758620689655,-76.141295635036
1.500000000000,107.241379310345,-76.139257586721
1.500000000000,111.724137931034,-76.136681747014
1.500000000000,116.206896551724,-76.133577728902
1.500000000000,120.689655172414,-76.129957041648
1.500000000000,125.172413793103,-76.125833590261
1.500000000000,129.655172413793,-76.121224053281
1.500000000000,134.137931034483,-76.116148303112
1.500000000000,138.620689655172,-76.110630050838
1.500000000000,143.103448275862,-76.104697986475
1.500000000000,147.586206896552,-76.098387922257
1.500000000000,152.068965517241,-76.091747047726
1.500000000000,156.551724137931,-76.084842907958
1.500000000000,161.034482758621,-76.077783725708
1.500000000000,165.517241379310,-76.070768504183
1.500000000000,170.000000000000,-76.064228381594
