r1,r2,a1,E
0.8,0.8,90.0,-76.00781592
0.8,0.8,100.0,-76.02264921
0.8,0.8,110.0,-76.03084974
0.8,0.8,120.0,-76.03329576
0.8,0.8,130.0,-76.03116059999999
0.8,0.8,140.0,-76.02591143
0.8,0.8,150.0,-76.01922426
0.8,0.8,160.0,-76.01282781
0.8,0.8,170.0,-76.00826576
0.8,0.8,180.0,-76.00661598
0.8,0.9,90.0,-76.04730325
0.8,0.9,100.0,-76.06008568
0.8,0.9,110.0,-76.06646681
0.8,0.9,120.0,-76.06727083
0.8,0.9,130.0,-76.06365261
0.8,0.9,140.0,-76.05708122
0.8,0.9,150.0,-76.04926131
0.8,0.9,160.0,-76.04197883
0.8,0.9,170.0,-76.03684729
0.8,0.9,180.0,-76.03500059
0.8,1.0,90.0,-76.05583049
0.8,1.0,100.0,-76.06644037
0.8,1.0,110.0,-76.0709113
0.8,1.0,120.0,-76.07003109
0.8,1.0,130.0,-76.06492101
0.8,1.0,140.0,-76.05702115
0.8,1.0,150.0,-76.04803751
0.8,1.0,160.0,-76.03980908
0.8,1.0,170.0,-76.03404547
0.8,1.0,180.0,-76.03197495
0.8,1.1,90.0,-76.04870431
0.8,1.1,100.0,-76.05715369
0.8,1.1,110.0,-76.05976506
0.8,1.1,120.0,-76.05728334
0.8,1.1,130.0,-76.05076349
0.8,1.1,140.0,-76.04157317
0.8,1.1,150.0,-76.03138484
0.8,1.1,160.0,-76.02209363
0.8,1.1,170.0,-76.01556631
0.8,1.1,180.0,-76.01321385
0.8,1.2,90.0,-76.03393678
0.8,1.2,100.0,-76.04036066
0.8,1.2,110.0,-76.04128468
0.8,1.2,120.0,-76.03738968
0.8,1.2,130.0,-76.02962548
0.8,1.2,140.0,-76.01923733
0.8,1.2,150.0,-76.00781555
0.8,1.2,160.0,-75.99730338
0.8,1.2,170.0,-75.98980909
0.8,1.2,180.0,-75.98707967
0.8,1.3,90.0,-76.01579616
0.8,1.3,100.0,-76.02041548
0.8,1.3,110.0,-76.01990274
0.8,1.3,120.0,-76.01485283
0.8,1.3,130.0,-76.00607779
0.8,1.3,140.0,-75.99465189
0.8,1.3,150.0,-75.98201532
0.8,1.3,160.0,-75.97010877
0.8,1.3,170.0,-75.96135984
0.8,1.3,180.0,-75.95810332
0.8,1.4,90.0,-75.99658855
0.8,1.4,100.0,-75.99966685
0.8,1.4,110.0,-75.99800147
0.8,1.4,120.0,-75.99208865
0.8,1.4,130.0,-75.98258556
0.8,1.4,140.0,-75.97035964
0.8,1.4,150.0,-75.95661972
0.8,1.4,160.0,-75.94317772
0.8,1.4,170.0,-75.93277759
0.8,1.4,180.0,-75.9287427
0.8,1.5,90.0,-75.97756034
0.8,1.5,100.0,-75.97936901
0.8,1.5,110.0,-75.97683470000001
0.8,1.5,120.0,-75.97035498
0.8,1.5,130.0,-75.96043443
0.8,1.5,140.0,-75.94772252
0.8,1.5,150.0,-75.93312897
0.8,1.5,160.0,-75.91813667
0.8,1.5,170.0,-75.90557293
0.8,1.5,180.0,-75.90029985
0.9,0.9,90.0,-76.08681449
0.9,0.9,100.0,-76.0978405
0.9,0.9,110.0,-76.10262572
0.9,0.9,120.0,-76.10196117
0.9,0.9,130.0,-76.09698793
0.9,0.9,140.0,-76.08917367
0.9,0.9,150.0,-76.08024927
0.9,0.9,160.0,-76.07206715
0.9,0.9,170.0,-76.06633656
0.9,0.9,180.0,-76.06427838
0.9,1.0,90.0,-76.09539163
0.9,1.0,100.0,-76.10450205
0.9,1.0,110.0,-76.10758766
0.9,1.0,120.0,-76.10541431
0.9,1.0,130.0,-76.09908601
0.9,1.0,140.0,-76.09003118
0.9,1.0,150.0,-76.07997352
0.9,1.0,160.0,-76.07082491
0.9,1.0,170.0,-76.06442121
0.9,1.0,180.0,-76.06211898
0.9,1.1,90.0,-76.08837054
0.9,1.1,100.0,-76.09554293
0.9,1.1,110.0,-76.09696355
0.9,1.1,120.0,-76.09335943
0.9,1.1,130.0,-76.08576057
0.9,1.1,140.0,-76.07550888
0.9,1.1,150.0,-76.06427987
0.9,1.1,160.0,-76.05404156
0.9,1.1,170.0,-76.04681956
0.9,1.1,180.0,-76.04420779
0.9,1.2,90.0,-76.07376504
0.9,1.2,100.0,-76.07910403
0.9,1.2,110.0,-76.07901336
0.9,1.2,120.0,-76.07415672
0.9,1.2,130.0,-76.06545119
0.9,1.2,140.0,-76.05410167
0.9,1.2,150.0,-76.04168105
0.9,1.2,160.0,-76.0301932
0.9,1.2,170.0,-76.02193385
0.9,1.2,180.0,-76.01890687
0.9,1.3,90.0,-76.05582825
0.9,1.3,100.0,-76.05952821
0.9,1.3,110.0,-76.05815686
0.9,1.3,120.0,-76.05229240000001
0.9,1.3,130.0,-76.04270942
0.9,1.3,140.0,-76.03043041
0.9,1.3,150.0,-76.01685435
0.9,1.3,160.0,-76.00395221
0.9,1.3,170.0,-75.99435056
0.9,1.3,180.0,-75.99074179
0.9,1.4,90.0,-76.03684543
0.9,1.4,100.0,-76.03914643
0.9,1.4,110.0,-76.03675805
0.9,1.4,120.0,-76.03016165
0.9,1.4,130.0,-76.0199767
0.9,1.4,140.0,-76.00701378
0.9,1.4,150.0,-75.99241953
0.9,1.4,160.0,-75.97798853
0.9,1.4,170.0,-75.9666347
0.9,1.4,180.0,-75.96216625
0.9,1.5,90.0,-76.01804457
0.9,1.5,100.0,-76.01919709
0.9,1.5,110.0,-76.01605536
0.9,1.5,120.0,-76.00900543
0.9,1.5,130.0,-75.998518
0.9,1.5,140.0,-75.98518799
0.9,1.5,150.0,-75.96985249
0.9,1.5,160.0,-75.95392657
0.9,1.5,170.0,-75.94031477
0.9,1.5,180.0,-75.93448287
1.0,1.0,90.0,-76.10400505
1.0,1.0,100.0,-76.11144826
1.0,1.0,110.0,-76.11305122
1.0,1.0,120.0,-76.10955664
1.0,1.0,130.0,-76.10202268
1.0,1.0,140.0,-76.09182437
1.0,1.0,150.0,-76.08066486
1.0,1.0,160.0,-76.07051844
1.0,1.0,170.0,-76.06338358
1.0,1.0,180.0,-76.06080854
1.0,1.1,90.0,-76.09705295
1.0,1.1,100.0,-76.10279129
1.0,1.1,110.0,-76.10294015
1.0,1.1,120.0,-76.09820109
1.0,1.1,130.0,-76.08954892
1.0,1.1,140.0,-76.07825742
1.0,1.1,150.0,-76.06596339
1.0,1.1,160.0,-76.05469132
1.0,1.1,170.0,-76.04666477
1.0,1.1,180.0,-76.04374216
1.0,1.2,90.0,-76.08256618
1.0,1.2,100.0,-76.08668381
1.0,1.2,110.0,-76.08551628
1.0,1.2,120.0,-76.07969962
1.0,1.2,130.0,-76.07008968
1.0,1.2,140.0,-76.05781135
1.0,1.2,150.0,-76.04437659
1.0,1.2,160.0,-76.03182441
1.0,1.2,170.0,-76.02267320000001
1.0,1.2,180.0,-76.01928551
1.0,1.3,90.0,-76.06479300000001
1.0,1.3,100.0,-76.06746059999999
1.0,1.3,110.0,-76.06518525
1.0,1.3,120.0,-76.05851802
1.0,1.3,130.0,-76.04817161
1.0,1.3,140.0,-76.03508245
1.0,1.3,150.0,-76.02056636
1.0,1.3,160.0,-76.00658927
1.0,1.3,170.0,-75.9959975
1.0,1.3,180.0,-75.99196097
1.0,1.4,90.0,-76.04600315
1.0,1.4,100.0,-76.04743615
1.0,1.4,110.0,-76.04429216
1.0,1.4,120.0,-76.03702924
1.0,1.4,130.0,-76.02620968
1.0,1.4,140.0,-76.01255967
1.0,1.4,150.0,-75.99712743
1.0,1.4,160.0,-75.98164971
1.0,1.4,170.0,-75.96920694
1.0,1.4,180.0,-75.96421776
1.0,1.5,90.0,-76.02740814
1.0,1.5,100.0,-76.0278331
1.0,1.5,110.0,-76.02405987
1.0,1.5,120.0,-76.01645748
1.0,1.5,130.0,-76.00544794
1.0,1.5,140.0,-75.99155051
1.0,1.5,150.0,-75.97550153
1.0,1.5,160.0,-75.95861238
1.0,1.5,170.0,-75.94384016
1.0,1.5,180.0,-75.93735665
1.1,1.1,90.0,-76.09018506
1.1,1.1,100.0,-76.09444913
1.1,1.1,110.0,-76.0933537
1.1,1.1,120.0,-76.08755577
1.1,1.1,130.0,-76.0779403
1.1,1.1,140.0,-76.06566781
1.1,1.1,150.0,-76.05228725
1.1,1.1,160.0,-76.03985522
1.1,1.1,170.0,-76.03084928
1.1,1.1,180.0,-76.02753034
1.1,1.2,90.0,-76.07582139
1.1,1.2,100.0,-76.07868149
1.1,1.2,110.0,-76.07646463
1.1,1.2,120.0,-76.06976201
1.1,1.2,130.0,-76.05933872
1.1,1.2,140.0,-76.0461999
1.1,1.2,150.0,-76.03174727
1.1,1.2,160.0,-76.01801664
1.1,1.2,170.0,-76.00778915
1.1,1.2,180.0,-76.00394354
1.1,1.3,90.0,-76.0582112
1.1,1.3,100.0,-76.05981683
1.1,1.3,110.0,-76.05666412
1.1,1.3,120.0,-76.04926367
1.1,1.3,130.0,-76.03824282
1.1,1.3,140.0,-76.02441958
1.1,1.3,150.0,-76.00898152
1.1,1.3,160.0,-75.99384023
1.1,1.3,170.0,-75.98207459
1.1,1.3,180.0,-75.97750151
1.1,1.4,90.0,-76.03961301
1.1,1.4,100.0,-76.04015526
1.1,1.4,110.0,-76.03627966
1.1,1.4,120.0,-76.02841238
1.1,1.4,130.0,-76.01704091
1.1,1.4,140.0,-76.00278228
1.1,1.4,150.0,-75.98654969
1.1,1.4,160.0,-75.96997145
1.1,1.4,170.0,-75.95627466
1.1,1.4,180.0,-75.95064781
1.1,1.5,90.0,-76.02122446
1.1,1.5,100.0,-76.02090541
1.1,1.5,110.0,-76.01652038
1.1,1.5,120.0,-76.00841774
1.1,1.5,130.0,-75.99695799999999
1.1,1.5,140.0,-75.98256609
1.1,1.5,150.0,-75.96585096
1.1,1.5,160.0,-75.94798025
1.1,1.5,170.0,-75.93192582
1.1,1.5,180.0,-75.92467836
1.2,1.2,90.0,-76.06160909999998
1.2,1.2,100.0,-76.06327208
1.2,1.2,110.0,-76.06011426
1.2,1.2,120.0,-76.05266563
1.2,1.2,130.0,-76.04157714
1.2,1.2,140.0,-76.02769972
1.2,1.2,150.0,-76.01226902
1.2,1.2,160.0,-75.99724991
1.2,1.2,170.0,-75.98570425
1.2,1.2,180.0,-75.98125757
1.2,1.3,90.0,-76.04418195
1.2,1.3,100.0,-76.04477864
1.2,1.3,110.0,-76.0408423
1.2,1.3,120.0,-76.03283264
1.2,1.3,130.0,-76.02127471
1.2,1.3,140.0,-76.00684187
1.2,1.3,150.0,-75.99054634
1.2,1.3,160.0,-75.97417171
1.2,1.3,170.0,-75.96100707
1.2,1.3,180.0,-75.95574409
1.2,1.4,90.0,-76.02579028
1.2,1.4,100.0,-76.0254892
1.2,1.4,110.0,-76.02096103
1.2,1.4,120.0,-76.01259583
1.2,1.4,130.0,-76.0007947
1.2,1.4,140.0,-75.98604659
1.2,1.4,150.0,-75.96909467
1.2,1.4,160.0,-75.95139316
1.2,1.4,170.0,-75.93625847
1.2,1.4,180.0,-75.92983909
1.2,1.5,90.0,-76.00762040000001
1.2,1.5,100.0,-76.00660089
1.2,1.5,110.0,-76.00166843
1.2,1.5,120.0,-75.99315314
1.2,1.5,130.0,-75.9813462
1.2,1.5,140.0,-75.96656483
1.2,1.5,150.0,-75.94926599
1.2,1.5,160.0,-75.93042816
1.2,1.5,170.0,-75.91297578
1.2,1.5,180.0,-75.9048311
1.3,1.3,90.0,-76.0269615
1.3,1.3,100.0,-76.02666407
1.3,1.3,110.0,-76.02208396
1.3,1.3,120.0,-76.01362691
1.3,1.3,130.0,-76.00170898
1.3,1.3,140.0,-75.98684318
1.3,1.3,150.0,-75.96982266
1.3,1.3,160.0,-75.95219998
1.3,1.3,170.0,-75.93737543
1.3,1.3,180.0,-75.93120062
1.3,1.4,90.0,-76.0087937
1.3,1.4,100.0,-76.00775133
1.3,1.4,110.0,-76.00268869
1.3,1.4,120.0,-75.99396323
1.3,1.4,130.0,-75.9818866
1.3,1.4,140.0,-75.96680998
1.3,1.4,150.0,-75.94927614
1.3,1.4,160.0,-75.93048502
1.3,1.4,170.0,-75.91372084
1.3,1.4,180.0,-75.90629794
1.3,1.5,90.0,-75.99085538
1.3,1.5,100.0,-75.98922847
1.3,1.5,110.0,-75.9838462
1.3,1.5,120.0,-75.97503105
1.3,1.5,130.0,-75.96300450000001
1.3,1.5,140.0,-75.94796908
1.3,1.5,150.0,-75.93021074
1.3,1.5,160.0,-75.91046797
1.3,1.5,170.0,-75.89151903
1.3,1.5,180.0,-75.8823137
1.4,1.4,90.0,-75.99086112
1.4,1.4,100.0,-75.98921204
1.4,1.4,110.0,-75.98375203
1.4,1.4,120.0,-75.97481811
1.4,1.4,130.0,-75.96263852
1.4,1.4,140.0,-75.94742743
1.4,1.4,150.0,-75.92950863
1.4,1.4,160.0,-75.90974159
1.4,1.4,170.0,-75.89116681
1.4,1.4,180.0,-75.88243967
1.4,1.5,90.0,-75.97316085
1.4,1.5,100.0,-75.9710518
1.4,1.5,110.0,-75.96533397
1.4,1.5,120.0,-75.95634291
1.4,1.5,130.0,-75.94423742
1.4,1.5,140.0,-75.92910628
1.4,1.5,150.0,-75.91105276
1.4,1.5,160.0,-75.89052419
1.4,1.5,170.0,-75.87000772
1.4,1.5,180.0,-75.85952891
1.5,1.5,90.0,-75.95569532
1.5,1.5,100.0,-75.95324531
1.5,1.5,110.0,-75.94730926
1.5,1.5,120.0,-75.93826528
1.5,1.5,130.0,-75.92622334
1.5,1.5,140.0,-75.91116690000001
1.5,1.5,150.0,-75.89301534
1.5,1.5,160.0,-75.87188229
1.5,1.5,170.0,-75.84977190000001
1.5,1.5,180.0,-75.83772601
