r0,r1,r2,r3,r4,r5,E
1.870000909300,1.450000000000,1.450000000000,2.312491063200,2.613627325700,1.290000000000,-114.310045504080
2.514308230000,1.340000000000,1.340000000000,1.939333605600,2.218282185500,1.290000000000,-114.361862938753
2.226364750000,1.230000000000,1.340000000000,2.556817424500,2.058345747500,1.450000000000,-114.337137402851
2.122311428800,1.120000000000,1.450000000000,1.780546330300,2.613627325700,1.290000000000,-114.356245725289
2.042897664400,1.230000000000,1.450000000000,2.328289642500,2.431532325200,1.290000000000,-114.383507282930
1.603052290400,0.900000000000,1.340000000000,2.181295188400,2.577967601000,1.450000000000,-114.312389461556
1.832795072900,0.900000000000,1.230000000000,1.646586929000,1.685385203300,1.050000000000,-114.278521088108
2.141375665100,1.230000000000,1.450000000000,1.919253053700,2.378752268300,1.370000000000,-114.320030703186
1.798306992100,1.340000000000,1.340000000000,2.193061531200,2.193061531200,1.130000000000,-114.355520711702
1.688714482900,0.900000000000,0.900000000000,1.771997880500,2.003879652900,1.450000000000,-114.314095621900
1.769547228700,1.120000000000,1.120000000000,1.907873646900,2.453060504700,1.450000000000,-114.349355017686
1.537184849400,1.340000000000,1.340000000000,2.508320642900,2.508320642900,1.290000000000,-114.333507329806
1.483247772600,0.900000000000,1.230000000000,2.003879652900,2.556817424500,1.450000000000,-114.305384559149
1.552330947100,1.340000000000,1.340000000000,2.210859218100,2.210859218100,1.050000000000,-114.298815836114
1.634983138300,0.900000000000,1.230000000000,2.014500720400,2.057903184800,1.210000000000,-114.388104922292
2.195327478700,1.340000000000,1.340000000000,2.024598330400,2.432292385600,1.210000000000,-114.387457938123
2.311643847100,1.230000000000,1.230000000000,1.858381025000,2.235438986700,1.290000000000,-114.398368786758
1.429718661200,1.230000000000,1.450000000000,2.403434437900,2.532170307900,1.290000000000,-114.307689604289
1.589429319200,0.900000000000,1.120000000000,2.099889163500,1.907873646900,1.450000000000,-114.312915205140
1.943013124000,1.010000000000,1.230000000000,1.969944411200,2.477428079400,1.450000000000,-114.373412279543
2.172845754300,1.230000000000,1.230000000000,1.919253053700,2.402684181100,1.370000000000,-114.376462716182
0.845723358700,0.900000000000,0.900000000000,2.014500720400,2.014500720400,1.210000000000,-114.044697918437
1.410389466900,1.120000000000,1.120000000000,2.139136851700,2.299026260700,1.290000000000,-114.376759222138
2.300038860800,1.010000000000,1.450000000000,1.806008982300,2.056100681100,1.130000000000,-114.378705037631
1.739445893400,1.010000000000,1.010000000000,1.519031708200,1.964693738500,1.050000000000,-114.325841760851
1.884469330100,1.230000000000,1.230000000000,2.024091879100,2.107571307400,1.050000000000,-114.384225742042
2.290931680000,1.450000000000,1.450000000000,1.914421418900,2.462470558000,1.130000000000,-114.320840025861
1.659565476600,1.120000000000,1.120000000000,1.722104060200,2.069672826400,1.050000000000,-114.340031212468
2.097478144500,1.450000000000,1.450000000000,2.293253143900,2.293253143900,1.130000000000,-114.348410967081
2.134384572200,1.010000000000,1.340000000000,1.977635441300,1.826593126900,1.130000000000,-114.383098852959
1.327691592000,0.900000000000,1.450000000000,2.028793224000,2.613627325700,1.290000000000,-114.282635419047
1.399791202600,1.230000000000,1.230000000000,2.180691502800,2.250972868100,1.130000000000,-114.352016519505
1.896155025000,1.120000000000,1.120000000000,1.600590611900,2.069672826400,1.050000000000,-114.340865594216
2.376859661800,1.120000000000,1.340000000000,2.174756104500,2.058345747500,1.450000000000,-114.350915632505
2.208598118600,1.120000000000,1.230000000000,2.139136851700,1.858381025000,1.290000000000,-114.407146810178
1.363793103100,0.900000000000,1.340000000000,2.014500720400,2.262674008300,1.210000000000,-114.324397804103
2.163174548200,1.450000000000,1.450000000000,2.312491063200,2.613627325700,1.290000000000,-114.341831359400
2.312704418000,1.450000000000,1.450000000000,2.138104276700,2.445835192900,1.450000000000,-114.269901627333
1.564450036400,0.900000000000,1.120000000000,1.823498770300,2.104336218800,1.370000000000,-114.338110866650
1.873584582900,1.340000000000,1.340000000000,1.904315308200,2.281051041200,1.050000000000,-114.306131892225
2.560381921100,1.120000000000,1.450000000000,1.600590611900,1.862898074700,1.050000000000,-114.274372565051
1.782891185100,0.900000000000,1.010000000000,1.731057325700,1.519031708200,1.050000000000,-114.301744690964
2.092461450800,1.230000000000,1.340000000000,2.254279052100,2.024598330400,1.210000000000,-114.395685858112
1.433734464300,0.900000000000,1.010000000000,1.860294966900,1.519031708200,1.050000000000,-114.249440218629
1.620001164300,1.230000000000,1.450000000000,2.107571307400,2.387324438500,1.050000000000,-114.316900652257
1.763246874600,1.120000000000,1.230000000000,1.780546330300,2.403434437900,1.290000000000,-114.361929185011
2.219408079200,1.120000000000,1.450000000000,2.069672826400,1.862898074700,1.050000000000,-114.333544084537
1.617135615700,0.900000000000,1.010000000000,2.003879652900,2.088168788300,1.450000000000,-114.347127139603
1.964959253800,1.010000000000,1.450000000000,1.634489276400,1.998275254400,1.050000000000,-114.286261253084
2.349217009600,1.230000000000,1.340000000000,2.093854765200,1.826593126900,1.130000000000,-114.375823215806
1.396451135500,0.900000000000,1.230000000000,1.937280376700,1.991128886800,1.130000000000,-114.331221116441
1.832184488500,1.120000000000,1.450000000000,2.284704853000,2.765779157200,1.450000000000,-114.328287525641
1.914628690400,0.900000000000,1.340000000000,1.803761201400,1.963748353600,1.130000000000,-114.359063964084
1.316512804800,1.120000000000,1.120000000000,2.284704853000,2.453060504700,1.450000000000,-114.312978306527
1.741119925000,0.900000000000,1.120000000000,2.181295188400,2.048790926000,1.450000000000,-114.353800097849
1.849946381300,1.120000000000,1.340000000000,1.843573579600,2.584588680200,1.370000000000,-114.335032289675
2.333382556800,1.120000000000,1.450000000000,2.034624714600,2.312491063200,1.290000000000,-114.395880354694
2.104911470600,1.120000000000,1.120000000000,1.907873646900,2.284704853000,1.450000000000,-114.379822997410
1.562655728400,1.230000000000,1.450000000000,2.254279052100,2.459235185000,1.210000000000,-114.338383314543
1.650160360800,1.450000000000,1.450000000000,2.314765679000,2.387324438500,1.050000000000,-114.281120942161
1.491523889900,1.340000000000,1.340000000000,2.356527116500,2.356527116500,1.130000000000,-114.335755572022
1.456728230300,1.120000000000,1.340000000000,2.069672826400,2.124180804900,1.050000000000,-114.313722501088
1.795207174000,0.900000000000,1.010000000000,1.753589981400,1.945625520600,1.290000000000,-114.391397510117
1.583919189900,1.120000000000,1.120000000000,2.284704853000,2.453060504700,1.450000000000,-114.363906115124
2.255960696800,1.340000000000,1.450000000000,1.882107500300,2.115371369100,1.210000000000,-114.322036749132
1.872716874700,1.120000000000,1.450000000000,1.925084875600,2.225205664400,1.050000000000,-114.342255251866
1.893586297000,0.900000000000,1.340000000000,2.099889163500,2.058345747500,1.450000000000,-114.306128714916
2.106255925400,1.010000000000,1.230000000000,1.519031708200,2.024091879100,1.050000000000,-114.336342129718
1.645404833300,0.900000000000,1.230000000000,2.247328822300,2.263377860600,1.450000000000,-114.334214099367
1.052455735300,1.120000000000,1.120000000000,2.453060504700,2.453060504700,1.450000000000,-114.171542101378
2.323553313400,1.230000000000,1.450000000000,1.981485436300,2.765779157200,1.450000000000,-114.318674208988
2.428904869300,1.340000000000,1.340000000000,2.086230366900,2.086230366900,1.130000000000,-114.394216244055
2.514308230000,1.340000000000,1.340000000000,2.058345747500,2.353804275000,1.450000000000,-114.323273468998
2.456840389300,1.340000000000,1.450000000000,1.904315308200,2.225205664400,1.050000000000,-114.332196758897
2.142469524000,0.900000000000,1.450000000000,2.003879652900,2.445835192900,1.450000000000,-114.319070648177
1.985551552400,1.340000000000,1.340000000000,2.150065116700,2.584588680200,1.370000000000,-114.334311501009
1.362554300100,1.450000000000,1.450000000000,2.537913419200,2.537913419200,1.210000000000,-114.266542892312
1.922896323900,1.450000000000,1.450000000000,2.572331416200,2.765779157200,1.450000000000,-114.275708703097
1.880395124200,0.900000000000,1.120000000000,1.441257906800,1.600590611900,1.050000000000,-114.243082326476
1.873626654900,0.900000000000,1.450000000000,1.441257906800,2.225205664400,1.050000000000,-114.241728600409
1.512899382300,1.120000000000,1.230000000000,2.453060504700,2.477428079400,1.450000000000,-114.338807245370
1.900502660900,1.120000000000,1.230000000000,1.907873646900,2.130400791800,1.450000000000,-114.334657944739
1.572574884100,0.900000000000,1.450000000000,2.091929981300,2.312491063200,1.290000000000,-114.315781827672
1.929578839400,1.120000000000,1.450000000000,2.034624714600,2.613627325700,1.290000000000,-114.377704998598
1.830741729800,1.010000000000,1.010000000000,1.806008982300,1.806008982300,1.130000000000,-114.418052169501
1.200481067500,0.900000000000,1.120000000000,2.014500720400,2.067153011500,1.210000000000,-114.325873249997
2.888964624500,1.450000000000,1.450000000000,1.914421418900,1.914421418900,1.130000000000,-114.299109453803
1.668770109200,1.230000000000,1.230000000000,1.925363074900,2.107571307400,1.050000000000,-114.331923248576
1.236968349900,0.900000000000,0.900000000000,1.716538826900,1.937280376700,1.130000000000,-114.300423893336
1.388153370500,1.010000000000,1.010000000000,1.945625520600,2.195164321200,1.290000000000,-114.374416307737
1.779818756900,0.900000000000,1.450000000000,1.549731588100,2.387324438500,1.050000000000,-114.272530555223
1.070223577500,1.010000000000,1.230000000000,1.964693738500,2.175148208800,1.050000000000,-114.250777926263
1.985658658900,1.340000000000,1.450000000000,2.124180804900,2.119403832900,1.050000000000,-114.310921255962
2.098342851400,1.120000000000,1.450000000000,2.139136851700,2.431532325200,1.290000000000,-114.397802104146
1.812111674500,1.120000000000,1.450000000000,2.048790926000,2.765779157200,1.450000000000,-114.302736589141
1.685737500500,0.900000000000,1.010000000000,1.877058730700,1.642323374500,1.210000000000,-114.364663652219
2.078224235100,1.230000000000,1.340000000000,2.130400791800,2.058345747500,1.450000000000,-114.313180651392
1.542656262900,0.900000000000,1.120000000000,1.803761201400,2.078732470700,1.130000000000,-114.389397776613
2.035902748200,1.120000000000,1.230000000000,2.299026260700,1.858381025000,1.290000000000,-114.399655151871
0.968755077100,0.900000000000,1.120000000000,2.247328822300,2.453060504700,1.450000000000,-114.215541538927
2.398704874200,1.230000000000,1.340000000000,1.919253053700,2.403839271600,1.370000000000,-114.365735532217
2.027386302300,1.450000000000,1.450000000000,2.115371369100,2.537913419200,1.210000000000,-114.324320395690
2.482592624900,1.230000000000,1.340000000000,1.925363074900,1.772951285300,1.050000000000,-114.327237249710
1.727118880500,0.900000000000,1.340000000000,1.877058730700,2.356418016800,1.210000000000,-114.383738462721
2.035902748200,1.120000000000,1.230000000000,1.995779716200,1.991128886800,1.130000000000,-114.430193697514
1.545124723200,0.900000000000,1.010000000000,1.894206353000,1.837900751000,1.450000000000,-114.303955012244
1.952070623600,1.340000000000,1.450000000000,2.508320642900,2.175969220300,1.290000000000,-114.327464713458
2.380516690200,1.010000000000,1.450000000000,1.519031708200,1.862898074700,1.050000000000,-114.262806071139
1.620425055900,1.230000000000,1.340000000000,2.556817424500,2.475281404500,1.450000000000,-114.308849745113
2.362454779100,1.340000000000,1.450000000000,1.772951285300,2.387324438500,1.050000000000,-114.307517688164
2.695083434500,1.340000000000,1.450000000000,2.285647656500,2.079824455600,1.370000000000,-114.330493934272
1.378879997600,0.900000000000,0.900000000000,2.003879652900,2.247328822300,1.450000000000,-114.306364856248
1.598472832200,1.010000000000,1.120000000000,1.964693738500,1.600590611900,1.050000000000,-114.297108567654
2.174066372900,1.450000000000,1.450000000000,2.079824455600,2.689589387200,1.370000000000,-114.285657870917
2.017082062800,1.010000000000,1.450000000000,1.875410236500,2.459235185000,1.210000000000,-114.398773566369
2.367751971000,1.120000000000,1.450000000000,1.780546330300,2.175969220300,1.290000000000,-114.352586522543
1.923461895500,0.900000000000,1.230000000000,1.569689525900,2.254279052100,1.210000000000,-114.371486272561
1.245837317100,1.230000000000,1.230000000000,2.556817424500,2.556817424500,1.450000000000,-114.271281865023
2.418612025800,1.230000000000,1.450000000000,1.812161580400,1.998275254400,1.050000000000,-114.315026479551
1.793150456600,0.900000000000,0.900000000000,1.441257906800,1.441257906800,1.050000000000,-114.211425439466
2.450638957300,1.230000000000,1.230000000000,1.919253053700,1.919253053700,1.370000000000,-114.352952792848
1.873510838200,1.100820000000,1.100820000000,2.015376521300,2.015376521300,1.206260000000,-114.448588307659
2.432372266100,1.230000000000,1.230000000000,1.799007444100,1.799007444100,1.210000000000,-114.362502739106
1.905923979900,1.340000000000,1.340000000000,2.285647656500,2.403839271600,1.370000000000,-114.333386553808
1.837266333100,0.900000000000,1.450000000000,2.181295188400,2.445835192900,1.450000000000,-114.302573319685
1.634397043700,1.010000000000,1.010000000000,1.875410236500,1.971328365800,1.210000000000,-114.417414847846
1.370290902600,1.010000000000,1.010000000000,1.737519304400,1.903253394300,1.050000000000,-114.310626988083
1.798404475800,1.230000000000,1.340000000000,2.327077131300,2.024598330400,1.210000000000,-114.363165747406
1.943853348500,0.900000000000,1.450000000000,1.703474702400,2.079824455600,1.370000000000,-114.277709171157
2.087055570800,1.230000000000,1.230000000000,2.130400791800,2.379358558200,1.450000000000,-114.360863202736
1.952000823300,0.900000000000,1.120000000000,1.441257906800,1.830545861700,1.050000000000,-114.299145133647
1.699937541200,1.010000000000,1.120000000000,1.642323374500,1.965696959500,1.210000000000,-114.366394151743
1.023004626300,1.010000000000,1.010000000000,2.118105622200,2.118105622200,1.210000000000,-114.309248674444
2.067278853300,1.340000000000,1.340000000000,1.904315308200,2.021719018200,1.050000000000,-114.307647236529
1.899669865400,0.900000000000,1.120000000000,1.877058730700,1.718931914100,1.210000000000,-114.385041679599
1.857669381700,1.120000000000,1.230000000000,2.222325291400,1.799007444100,1.210000000000,-114.382639159034
1.420913705200,0.900000000000,1.120000000000,2.247328822300,2.048790926000,1.450000000000,-114.302903487931
1.663520363600,1.120000000000,1.230000000000,2.227499888900,2.328289642500,1.290000000000,-114.409003324994
1.663371665400,1.450000000000,1.450000000000,2.537913419200,2.537913419200,1.210000000000,-114.322147761132
1.849115188200,1.230000000000,1.450000000000,2.235438986700,2.613627325700,1.290000000000,-114.364407090985
2.142469524000,0.900000000000,1.450000000000,1.877058730700,2.115371369100,1.210000000000,-114.368673422571
1.834590347700,0.900000000000,1.450000000000,1.787333929100,2.537913419200,1.210000000000,-114.360389712520
1.867055627800,1.010000000000,1.450000000000,1.837900751000,2.765779157200,1.450000000000,-114.294573270273
1.870000909300,1.450000000000,1.450000000000,2.119403832900,2.387324438500,1.050000000000,-114.288290538689
1.887718071200,0.900000000000,1.230000000000,1.441257906800,2.107571307400,1.050000000000,-114.296737332420
1.314443097600,1.120000000000,1.340000000000,2.299026260700,2.429878508100,1.290000000000,-114.324016663923
1.662322430500,0.900000000000,1.230000000000,1.802479352600,1.812161580400,1.050000000000,-114.309862948143
2.367751971000,1.120000000000,1.450000000000,1.981303582400,2.079824455600,1.370000000000,-114.340062682703
1.816870539700,1.010000000000,1.340000000000,1.903253394300,1.772951285300,1.050000000000,-114.302578234354
2.354954995300,1.230000000000,1.450000000000,2.130400791800,2.445835192900,1.450000000000,-114.326955433142
1.959920457600,1.010000000000,1.120000000000,1.699347037100,1.658887764800,1.130000000000,-114.360642206780
2.346411597300,1.450000000000,1.450000000000,2.312491063200,2.431532325200,1.290000000000,-114.348044951803
2.454607612500,1.340000000000,1.450000000000,1.939333605600,2.023029815300,1.290000000000,-114.313708666981
2.057863710200,1.230000000000,1.450000000000,2.263377860600,2.765779157200,1.450000000000,-114.327019772831
2.312704418000,1.450000000000,1.450000000000,2.023029815300,2.312491063200,1.290000000000,-114.309489567114
2.105865813400,1.120000000000,1.450000000000,1.907873646900,2.138104276700,1.450000000000,-114.296033677566
1.928047445100,1.230000000000,1.340000000000,1.685385203300,2.281051041200,1.050000000000,-114.294977281504
2.473299461300,1.450000000000,1.450000000000,2.300724686800,2.300724686800,1.450000000000,-114.283138810003
2.270104225000,1.120000000000,1.230000000000,1.981303582400,2.064478613500,1.370000000000,-114.392665566195
1.163572025000,0.900000000000,1.120000000000,1.802479352600,2.069672826400,1.050000000000,-114.269151917984
1.763246874600,1.120000000000,1.230000000000,1.658887764800,2.250972868100,1.130000000000,-114.348823977439
1.811982624200,1.010000000000,1.340000000000,1.737519304400,2.124180804900,1.050000000000,-114.340165430923
1.126084533400,0.900000000000,1.010000000000,2.099889163500,2.349871557700,1.450000000000,-114.264386985503
1.616906796400,1.120000000000,1.230000000000,2.222325291400,2.057903184800,1.210000000000,-114.394415513665
1.478229285600,1.230000000000,1.230000000000,2.328289642500,2.403434437900,1.290000000000,-114.362737032243
1.867411932400,1.120000000000,1.450000000000,2.299026260700,2.312491063200,1.290000000000,-114.372999566943
2.011469338400,1.120000000000,1.340000000000,1.600590611900,1.772951285300,1.050000000000,-114.261255766195
2.231805614400,0.900000000000,1.340000000000,1.441257906800,1.772951285300,1.050000000000,-114.241039355419
1.974600203800,1.010000000000,1.010000000000,1.706256262800,1.832656723900,1.290000000000,-114.389947645728
1.929997785100,1.010000000000,1.230000000000,2.278972523300,2.130400791800,1.450000000000,-114.372513775102
1.887438059300,1.230000000000,1.450000000000,2.180691502800,2.386752798700,1.130000000000,-114.385406523563
1.937908192200,0.900000000000,1.450000000000,2.003879652900,2.679250644300,1.450000000000,-114.313099415230
1.753185054000,1.010000000000,1.120000000000,2.118105622200,1.718931914100,1.210000000000,-114.391641555329
2.311643847100,1.230000000000,1.230000000000,1.873303280700,1.991128886800,1.130000000000,-114.404743023864
1.412204462500,0.900000000000,1.450000000000,1.937280376700,2.462470558000,1.130000000000,-114.319047927539
2.725108600300,1.450000000000,1.450000000000,2.138104276700,2.572331416200,1.450000000000,-114.292535446035
1.242146564500,1.120000000000,1.450000000000,2.453060504700,2.765779157200,1.450000000000,-114.241416725553
2.529026028200,1.340000000000,1.450000000000,1.998124376800,2.605520148000,1.370000000000,-114.333294431340
2.274384818800,0.900000000000,1.450000000000,1.441257906800,2.119403832900,1.050000000000,-114.271780400237
2.101841297100,1.450000000000,1.450000000000,1.998275254400,2.314765679000,1.050000000000,-114.292010755640
1.428355698000,1.010000000000,1.010000000000,1.899011736000,2.041273243900,1.130000000000,-114.396402669050
1.664067632700,1.010000000000,1.450000000000,2.349871557700,2.572331416200,1.450000000000,-114.310980682348
2.307779700100,1.340000000000,1.340000000000,1.998124376800,2.584588680200,1.370000000000,-114.344259968588
2.133260415400,1.120000000000,1.340000000000,1.897638359700,2.193061531200,1.130000000000,-114.417199528979
2.007129337600,1.010000000000,1.450000000000,1.737519304400,2.225205664400,1.050000000000,-114.342392068570
2.529026028200,1.340000000000,1.450000000000,2.356418016800,1.967848952900,1.210000000000,-114.364330787009
2.079662794500,0.900000000000,1.450000000000,1.549731588100,2.119403832900,1.050000000000,-114.289296089025
2.190146822800,1.010000000000,1.230000000000,1.837900751000,2.130400791800,1.450000000000,-114.355077916795
2.617784399800,1.340000000000,1.450000000000,2.086230366900,1.914421418900,1.130000000000,-114.344674746555
1.798952402900,0.900000000000,1.450000000000,2.014500720400,1.967848952900,1.210000000000,-114.318280189461
1.902756026100,0.900000000000,1.010000000000,1.569689525900,1.642323374500,1.210000000000,-114.337656176052
1.365413836300,0.900000000000,1.230000000000,1.731057325700,2.175148208800,1.050000000000,-114.291434445519
2.311643847100,1.230000000000,1.230000000000,2.130400791800,2.263377860600,1.450000000000,-114.369128052290
2.106255925400,1.010000000000,1.230000000000,1.827335662000,1.685385203300,1.050000000000,-114.342651517120
1.704338857000,0.900000000000,1.340000000000,2.169545791500,1.998124376800,1.370000000000,-114.306078440246
2.237258346500,1.010000000000,1.450000000000,1.642323374500,2.459235185000,1.210000000000,-114.372754377932
2.531604556900,1.120000000000,1.450000000000,1.907873646900,2.300724686800,1.450000000000,-114.323373210175
1.121839916900,0.900000000000,1.340000000000,2.091929981300,2.508320642900,1.290000000000,-114.262958383843
1.653287997000,0.900000000000,1.120000000000,1.635993775900,1.780546330300,1.290000000000,-114.317665639706
1.676292462500,1.120000000000,1.450000000000,2.222325291400,2.247124269000,1.210000000000,-114.359118475334
1.988154670800,1.010000000000,1.120000000000,2.117620228000,1.843573579600,1.370000000000,-114.396217973297
2.092868277000,1.340000000000,1.450000000000,1.882107500300,2.537913419200,1.210000000000,-114.326756887349
1.255022063300,1.010000000000,1.120000000000,2.272426317300,2.211671623000,1.370000000000,-114.329888448419
1.234984838100,0.900000000000,0.900000000000,2.104905062600,2.104905062600,1.370000000000,-114.309744228899
2.010705179100,0.900000000000,1.450000000000,2.247328822300,2.138104276700,1.450000000000,-114.293725712260
1.937446827400,1.120000000000,1.450000000000,1.925084875600,1.998275254400,1.050000000000,-114.317906082445
1.433734464300,0.900000000000,1.010000000000,2.014500720400,1.642323374500,1.210000000000,-114.324894018449
1.875262833600,1.120000000000,1.230000000000,1.965696959500,1.799007444100,1.210000000000,-114.370886423604
2.343938684300,1.450000000000,1.450000000000,1.862898074700,1.998275254400,1.050000000000,-114.262039358686
2.134384572200,1.010000000000,1.340000000000,1.737519304400,2.021719018200,1.050000000000,-114.363914460949
0.968755077100,0.900000000000,1.120000000000,2.014500720400,2.222325291400,1.210000000000,-114.264641491537
1.532445833700,0.900000000000,1.230000000000,2.025176410100,2.194107578400,1.370000000000,-114.332163330613
2.263021964600,1.230000000000,1.230000000000,1.685385203300,1.812161580400,1.050000000000,-114.309046834759
2.102890788100,1.010000000000,1.230000000000,1.706256262800,2.125590927700,1.290000000000,-114.392571802570
1.919118443700,1.120000000000,1.120000000000,1.600590611900,1.830545861700,1.050000000000,-114.319145510088
2.316966922600,1.120000000000,1.450000000000,1.995779716200,2.056100681100,1.130000000000,-114.392841296187
2.079662794500,0.900000000000,1.450000000000,1.753589981400,2.312491063200,1.290000000000,-114.342526067105
2.410800180700,1.340000000000,1.340000000000,2.218282185500,2.218282185500,1.290000000000,-114.388923694747
1.846207666800,0.900000000000,1.450000000000,1.823498770300,2.378752268300,1.370000000000,-114.303582403539
1.782312374600,1.120000000000,1.450000000000,1.897638359700,2.462470558000,1.130000000000,-114.361728625872
1.865590726800,1.010000000000,1.450000000000,2.117620228000,2.237786421000,1.370000000000,-114.334615807020
1.314462695000,1.340000000000,1.450000000000,2.356527116500,2.462470558000,1.130000000000,-114.274379709849
2.286304939600,1.340000000000,1.450000000000,2.124180804900,2.225205664400,1.050000000000,-114.355284579984
1.404120220000,1.120000000000,1.450000000000,2.145865246100,2.462470558000,1.130000000000,-114.332811474098
1.761309107600,1.010000000000,1.340000000000,2.044217571100,2.429878508100,1.290000000000,-114.395901476686
2.669801790900,1.340000000000,1.340000000000,1.939333605600,1.939333605600,1.290000000000,-114.336199933437
1.763246874600,1.120000000000,1.230000000000,2.069672826400,1.685385203300,1.050000000000,-114.308918875515
1.827918228500,1.120000000000,1.120000000000,1.600590611900,1.600590611900,1.050000000000,-114.264819302969
2.152971241900,1.450000000000,1.450000000000,2.378752268300,2.378752268300,1.370000000000,-114.303714874390
1.155821923600,1.230000000000,1.230000000000,2.403434437900,2.403434437900,1.290000000000,-114.294432873459
1.611679909600,0.900000000000,1.230000000000,2.014500720400,1.799007444100,1.210000000000,-114.334510273220
1.242021977800,0.900000000000,1.230000000000,1.877539664800,2.250972868100,1.130000000000,-114.314766189049
1.689295037000,0.900000000000,1.450000000000,1.860294966900,1.998275254400,1.050000000000,-114.282728575246
1.648390545400,1.010000000000,1.010000000000,1.579854961200,1.579854961200,1.130000000000,-114.304054853519
1.851790478400,1.340000000000,1.450000000000,2.356527116500,2.293253143900,1.130000000000,-114.355784968866
1.867438420600,1.010000000000,1.340000000000,2.195164321200,1.939333605600,1.290000000000,-114.362692899318
2.091216000000,1.230000000000,1.340000000000,2.402684181100,2.285647656500,1.370000000000,-114.380133349917
2.169992805300,1.230000000000,1.450000000000,1.685385203300,1.998275254400,1.050000000000,-114.273341622952
2.188246118700,1.340000000000,1.450000000000,1.772951285300,2.225205664400,1.050000000000,-114.284436015263
2.669870643900,1.230000000000,1.450000000000,1.741285598000,1.914421418900,1.130000000000,-114.320009935709
1.918124829800,1.010000000000,1.450000000000,1.969944411200,2.445835192900,1.450000000000,-114.311268872323
1.732513999100,0.900000000000,1.230000000000,1.823498770300,1.919253053700,1.370000000000,-114.317664686012
1.304591149900,0.900000000000,0.900000000000,1.549731588100,1.802479352600,1.050000000000,-114.234680491545
1.313361251900,0.900000000000,1.120000000000,1.931081726200,2.375944821200,1.370000000000,-114.314210360065
2.519500055300,1.230000000000,1.450000000000,2.379358558200,2.138104276700,1.450000000000,-114.326478654087
1.727116873700,0.900000000000,1.010000000000,1.441257906800,1.737519304400,1.050000000000,-114.277178512042
1.960577787500,1.340000000000,1.450000000000,2.584588680200,2.501643296200,1.370000000000,-114.332445449609
1.939896904500,1.120000000000,1.120000000000,1.718931914100,2.222325291400,1.210000000000,-114.410219143648
1.901420521600,1.230000000000,1.450000000000,2.477428079400,2.679250644300,1.450000000000,-114.322686419197
2.100947280900,1.340000000000,1.340000000000,1.882107500300,2.262674008300,1.210000000000,-114.346789402462
2.511473671000,1.450000000000,1.450000000000,2.138104276700,2.765779157200,1.450000000000,-114.286531860489
2.130116870400,1.340000000000,1.340000000000,2.475281404500,2.475281404500,1.450000000000,-114.337586285597
1.685672165500,0.900000000000,1.340000000000,1.894206353000,2.661075880900,1.450000000000,-114.298192032211
1.696423745500,1.120000000000,1.230000000000,2.453060504700,2.263377860600,1.450000000000,-114.352547365209
2.186973594900,1.340000000000,1.340000000000,1.998124376800,1.998124376800,1.370000000000,-114.307522216096
2.161987262300,1.340000000000,1.450000000000,2.661075880900,2.300724686800,1.450000000000,-114.302016938418
1.842675928900,1.230000000000,1.230000000000,1.812161580400,2.024091879100,1.050000000000,-114.327073086282
2.628292582400,1.450000000000,1.450000000000,1.967848952900,2.459235185000,1.210000000000,-114.348406448774
1.052455735300,1.120000000000,1.120000000000,2.222325291400,2.222325291400,1.210000000000,-114.306679931406
1.821922087300,1.010000000000,1.120000000000,1.903253394300,1.600590611900,1.050000000000,-114.331366273656
1.546746610100,0.900000000000,1.010000000000,1.731057325700,1.737519304400,1.050000000000,-114.324375611343
2.531604556900,1.120000000000,1.450000000000,1.849325049800,1.967848952900,1.210000000000,-114.363488511156
2.086283510100,1.120000000000,1.450000000000,1.718931914100,2.115371369100,1.210000000000,-114.336785615231
1.219338363000,1.010000000000,1.450000000000,2.041273243900,2.462470558000,1.130000000000,-114.293259412991
1.585138499200,1.230000000000,1.450000000000,2.307134002600,2.689589387200,1.370000000000,-114.303423704648
1.829056129300,0.900000000000,1.230000000000,2.028793224000,1.858381025000,1.290000000000,-114.361866911672
1.899669865400,0.900000000000,1.120000000000,2.003879652900,2.048790926000,1.450000000000,-114.359149998871
2.041837407800,1.010000000000,1.340000000000,2.191484743700,2.353804275000,1.450000000000,-114.365897817176
0.952035375700,0.900000000000,0.900000000000,1.802479352600,1.860294966900,1.050000000000,-114.186141617674
1.517676172000,1.120000000000,1.230000000000,1.830545861700,2.175148208800,1.050000000000,-114.321829725487
1.349420507300,0.900000000000,0.900000000000,1.771997880500,2.247328822300,1.450000000000,-114.266141651865
2.213763929800,1.230000000000,1.340000000000,1.799007444100,2.432292385600,1.210000000000,-114.382664390793
1.752826289200,0.900000000000,1.120000000000,1.931081726200,2.211671623000,1.370000000000,-114.387119484403
1.638353308200,1.120000000000,1.450000000000,2.139136851700,2.613627325700,1.290000000000,-114.349674473469
2.251915580500,0.900000000000,1.450000000000,1.635993775900,2.175969220300,1.290000000000,-114.321706536893
2.067847005700,0.900000000000,1.340000000000,1.569689525900,2.024598330400,1.210000000000,-114.333414792145
1.024741952200,0.900000000000,0.900000000000,2.169545791500,2.169545791500,1.370000000000,-114.254896546903
1.376539766800,0.900000000000,0.900000000000,1.877058730700,1.877058730700,1.210000000000,-114.353367531426
1.666289543200,0.900000000000,1.120000000000,1.441257906800,2.069672826400,1.050000000000,-114.283850031379
2.771783317500,1.450000000000,1.450000000000,2.023029815300,2.175969220300,1.290000000000,-114.320158053962
1.845453873700,1.010000000000,1.120000000000,2.088168788300,2.284704853000,1.450000000000,-114.390892643540
1.503062560500,1.120000000000,1.120000000000,2.067153011500,2.067153011500,1.210000000000,-114.391388718170
2.202576426800,1.230000000000,1.340000000000,1.925363074900,1.772951285300,1.050000000000,-114.310412132106
1.433734464300,0.900000000000,1.010000000000,2.247328822300,1.837900751000,1.450000000000,-114.296172889393
2.012752259500,1.230000000000,1.450000000000,2.235438986700,2.175969220300,1.290000000000,-114.349691829771
1.150172743100,1.010000000000,1.230000000000,2.272426317300,2.480021415200,1.370000000000,-114.294506750073
1.798952402900,0.900000000000,1.450000000000,1.569689525900,2.537913419200,1.210000000000,-114.301072271750
1.631146536800,1.230000000000,1.230000000000,2.093854765200,2.250972868100,1.130000000000,-114.387307391645
1.696063962800,1.230000000000,1.450000000000,2.403434437900,2.431532325200,1.290000000000,-114.344623361917
1.861256125400,0.900000000000,1.230000000000,1.771997880500,2.130400791800,1.450000000000,-114.313956802001
1.939011007300,1.120000000000,1.450000000000,1.658887764800,2.462470558000,1.130000000000,-114.326651007801
2.415281950800,1.230000000000,1.450000000000,1.799007444100,2.459235185000,1.210000000000,-114.372579504980
1.611681975400,0.900000000000,1.450000000000,1.877058730700,2.537913419200,1.210000000000,-114.341199729761
2.004725017800,0.900000000000,1.230000000000,1.703474702400,2.307134002600,1.370000000000,-114.359057481633
2.059058351600,1.010000000000,1.120000000000,1.519031708200,1.600590611900,1.050000000000,-114.280853812028
1.234487659700,0.900000000000,1.010000000000,2.014500720400,1.875410236500,1.210000000000,-114.328435255231
2.042932628900,1.120000000000,1.120000000000,1.785055396000,1.897638359700,1.130000000000,-114.411126573428
1.854931102500,1.230000000000,1.340000000000,2.556817424500,2.353804275000,1.450000000000,-114.331278630683
2.023516020400,1.230000000000,1.230000000000,1.981485436300,2.556817424500,1.450000000000,-114.342052377563
2.271531985900,1.010000000000,1.340000000000,1.837900751000,2.353804275000,1.450000000000,-114.346819309571
1.509389062400,0.900000000000,0.900000000000,1.441257906800,1.731057325700,1.050000000000,-114.238004606121
1.822558514500,1.230000000000,1.230000000000,1.999584046200,2.403434437900,1.290000000000,-114.379229342287
1.650973145300,1.450000000000,1.450000000000,2.765779157200,2.765779157200,1.450000000000,-114.251232742028
1.206169142000,0.900000000000,1.450000000000,1.860294966900,2.387324438500,1.050000000000,-114.233212981799
1.727874862500,1.120000000000,1.120000000000,1.722104060200,1.830545861700,1.050000000000,-114.324253433363
2.230511155700,1.340000000000,1.450000000000,2.432292385600,2.115371369100,1.210000000000,-114.368427714939
2.376859661800,1.120000000000,1.340000000000,1.600590611900,2.021719018200,1.050000000000,-114.327025507882
1.943013124000,1.010000000000,1.230000000000,1.945625520600,2.235438986700,1.290000000000,-114.425238136719
2.035902748200,1.120000000000,1.230000000000,2.069672826400,1.685385203300,1.050000000000,-114.347528692137
1.563983062200,1.010000000000,1.010000000000,1.634489276400,1.903253394300,1.050000000000,-114.326495661710
2.035902748200,1.120000000000,1.230000000000,1.780546330300,2.403434437900,1.290000000000,-114.397954691699
2.669801790900,1.340000000000,1.340000000000,1.772951285300,1.772951285300,1.050000000000,-114.274229450463
1.124208305100,1.010000000000,1.010000000000,2.349871557700,2.349871557700,1.450000000000,-114.289064411367
1.761309107600,1.010000000000,1.340000000000,1.977635441300,2.193061531200,1.130000000000,-114.402420646399
1.780396190100,1.120000000000,1.120000000000,1.925084875600,1.925084875600,1.050000000000,-114.388873672157
1.898179094000,1.010000000000,1.010000000000,1.771495075500,2.117620228000,1.370000000000,-114.393804486535
2.067790485900,1.230000000000,1.230000000000,2.057903184800,2.164326135400,1.210000000000,-114.425660979773
2.550804361000,1.450000000000,1.450000000000,2.138104276700,2.138104276700,1.450000000000,-114.265225820856
2.106255925400,1.010000000000,1.230000000000,2.088168788300,2.130400791800,1.450000000000,-114.376049672274
1.468862862200,0.900000000000,0.900000000000,1.635993775900,1.635993775900,1.290000000000,-114.280709281852
2.608701688100,1.450000000000,1.450000000000,2.182732242800,2.182732242800,1.130000000000,-114.364342666683
1.994582106800,1.120000000000,1.230000000000,2.139136851700,1.999584046200,1.290000000000,-114.409999127047
2.028896140100,0.900000000000,1.340000000000,1.894206353000,2.214468516200,1.450000000000,-114.317150009334
1.798952402900,0.900000000000,1.450000000000,1.703474702400,2.689589387200,1.370000000000,-114.285477071622
1.454169305300,1.010000000000,1.230000000000,2.349871557700,2.263377860600,1.450000000000,-114.319415410078
1.659339070900,1.230000000000,1.340000000000,2.403434437900,2.218282185500,1.290000000000,-114.351058647187
1.617871029800,0.900000000000,1.010000000000,1.635993775900,2.195164321200,1.290000000000,-114.360625264805
1.952914661600,1.010000000000,1.230000000000,1.900856603100,1.919253053700,1.370000000000,-114.359743799520
1.628750617800,0.900000000000,1.450000000000,2.025176410100,2.501643296200,1.370000000000,-114.302697733674
1.521332745500,0.900000000000,1.120000000000,1.771997880500,2.453060504700,1.450000000000,-114.301291118273
1.314462695000,1.340000000000,1.450000000000,2.584588680200,2.689589387200,1.370000000000,-114.244839009761
1.590922421100,1.340000000000,1.450000000000,2.584588680200,2.689589387200,1.370000000000,-114.294540217379
1.989697794600,1.450000000000,1.450000000000,2.459235185000,2.459235185000,1.210000000000,-114.355010553965
1.579797440400,1.010000000000,1.120000000000,2.349871557700,2.048790926000,1.450000000000,-114.347520837882
1.395138406600,0.900000000000,1.120000000000,2.181295188400,2.377726398300,1.450000000000,-114.323398354789
1.651161148700,1.010000000000,1.120000000000,2.195164321200,1.914780277900,1.290000000000,-114.398378693453
2.106165995500,1.230000000000,1.340000000000,2.175148208800,1.904315308200,1.050000000000,-114.356715357761
1.645068830600,0.900000000000,0.900000000000,1.569689525900,1.877058730700,1.210000000000,-114.343565855194
1.943853348500,0.900000000000,1.450000000000,1.441257906800,1.862898074700,1.050000000000,-114.209513399839
2.460350063100,1.450000000000,1.450000000000,2.056100681100,2.293253143900,1.130000000000,-114.349822664537
1.721756737200,1.010000000000,1.230000000000,2.191484743700,2.477428079400,1.450000000000,-114.368752762913
2.201956020200,0.900000000000,1.450000000000,2.099889163500,2.138104276700,1.450000000000,-114.304235064434
1.867411932400,1.120000000000,1.450000000000,2.145865246100,2.182732242800,1.130000000000,-114.381157997296
2.042841377300,0.900000000000,1.450000000000,1.504717508600,2.462470558000,1.130000000000,-114.319257068813
2.550804361000,1.450000000000,1.450000000000,1.862898074700,1.862898074700,1.050000000000,-114.251976768174
2.362337026500,1.010000000000,1.450000000000,1.737519304400,1.862898074700,1.050000000000,-114.313247404820
2.341548256000,0.900000000000,1.450000000000,1.569689525900,1.967848952900,1.210000000000,-114.306322691202
2.153268028800,1.340000000000,1.450000000000,2.150065116700,2.378752268300,1.370000000000,-114.316159719183
2.148650165400,1.230000000000,1.450000000000,2.057903184800,2.247124269000,1.210000000000,-114.377135870032
1.748322974000,1.010000000000,1.450000000000,2.349871557700,2.300724686800,1.450000000000,-114.301352799422
2.589307362100,1.230000000000,1.450000000000,1.799007444100,2.247124269000,1.210000000000,-114.367833151956
1.488993413000,1.010000000000,1.450000000000,2.191484743700,2.765779157200,1.450000000000,-114.281121550011
2.300107879900,0.900000000000,1.450000000000,1.894206353000,2.138104276700,1.450000000000,-114.292467227578
2.214843039100,1.120000000000,1.120000000000,1.658887764800,1.658887764800,1.130000000000,-114.351196249432
2.588681214500,1.340000000000,1.340000000000,1.772951285300,2.021719018200,1.050000000000,-114.317346792618
2.144869719900,0.900000000000,1.340000000000,1.823498770300,1.998124376800,1.370000000000,-114.328574039412
2.270104225000,1.120000000000,1.230000000000,1.718931914100,2.057903184800,1.210000000000,-114.403797140982
2.628292582400,1.450000000000,1.450000000000,2.312491063200,2.312491063200,1.290000000000,-114.356153180404
1.483048809000,0.900000000000,1.340000000000,1.716538826900,2.356527116500,1.130000000000,-114.314728552220
2.062752778000,1.230000000000,1.450000000000,2.477428079400,2.138104276700,1.450000000000,-114.298624836650
2.216275252900,0.900000000000,1.450000000000,1.771997880500,2.572331416200,1.450000000000,-114.302834432150
1.346133831700,0.900000000000,1.340000000000,2.181295188400,2.577967601000,1.450000000000,-114.264410081369
1.980128602200,1.120000000000,1.450000000000,2.453060504700,2.445835192900,1.450000000000,-114.336290311615
1.659339070900,1.230000000000,1.340000000000,2.175148208800,2.021719018200,1.050000000000,-114.318392148108
1.722800581500,1.010000000000,1.120000000000,1.969944411200,1.907873646900,1.450000000000,-114.337895011662
1.799306267400,0.900000000000,1.230000000000,1.787333929100,2.164326135400,1.210000000000,-114.397288055450
2.121429673100,1.230000000000,1.450000000000,1.685385203300,2.387324438500,1.050000000000,-114.297296090908
2.129686264900,0.900000000000,1.450000000000,1.802479352600,1.862898074700,1.050000000000,-114.299945611413
1.284811217400,1.120000000000,1.120000000000,2.069672826400,2.069672826400,1.050000000000,-114.328544018869
1.845453873700,1.010000000000,1.120000000000,2.349871557700,1.907873646900,1.450000000000,-114.366562336851
2.098173301200,1.230000000000,1.340000000000,1.858381025000,1.939333605600,1.290000000000,-114.330789689432
1.984755295300,1.120000000000,1.450000000000,2.152914819400,1.967848952900,1.210000000000,-114.354192047546
1.465178379400,1.230000000000,1.340000000000,2.477428079400,2.661075880900,1.450000000000,-114.288673322567
1.489015192900,1.010000000000,1.340000000000,2.127622816800,2.508320642900,1.290000000000,-114.363486909058
1.052455735300,1.120000000000,1.120000000000,2.069672826400,2.069672826400,1.050000000000,-114.255233999641
2.274384818800,0.900000000000,1.450000000000,1.703474702400,2.378752268300,1.370000000000,-114.320282907112
2.231476123700,1.120000000000,1.120000000000,1.780546330300,1.780546330300,1.290000000000,-114.380168729516
1.382193766000,0.900000000000,0.900000000000,1.635993775900,2.028793224000,1.290000000000,-114.300089059109
1.728138771300,1.340000000000,1.340000000000,2.151782168200,2.432292385600,1.210000000000,-114.349656646049
2.602671236300,1.340000000000,1.450000000000,2.214468516200,2.445835192900,1.450000000000,-114.317953534521
1.468862862200,0.900000000000,0.900000000000,1.441257906800,1.441257906800,1.050000000000,-114.170229802851
1.406731809000,1.010000000000,1.340000000000,2.349871557700,2.475281404500,1.450000000000,-114.295124982127
2.277625036600,1.340000000000,1.450000000000,2.058345747500,2.138104276700,1.450000000000,-114.274353267135
2.622012339000,1.340000000000,1.450000000000,2.086741287900,2.312491063200,1.290000000000,-114.363701459849
1.314991172600,0.900000000000,1.010000000000,1.787333929100,2.118105622200,1.210000000000,-114.347810888392
2.725108600300,1.450000000000,1.450000000000,1.862898074700,2.225205664400,1.050000000000,-114.304880164112
1.133348678700,0.900000000000,0.900000000000,1.877058730700,2.014500720400,1.210000000000,-114.300860767082
1.903239806300,0.900000000000,1.450000000000,1.931081726200,2.079824455600,1.370000000000,-114.296810243293
1.121839916900,0.900000000000,1.340000000000,2.247328822300,2.661075880900,1.450000000000,-114.216903824588
2.261354568000,1.230000000000,1.450000000000,2.477428079400,2.300724686800,1.450000000000,-114.330372584505
1.728138771300,1.340000000000,1.340000000000,2.353804275000,2.661075880900,1.450000000000,-114.292257342609
1.915072085400,1.120000000000,1.120000000000,1.843573579600,2.302448542300,1.370000000000,-114.386777480847
1.734275562300,0.900000000000,1.230000000000,1.646586929000,2.024091879100,1.050000000000,-114.330620295419
2.628292582400,1.450000000000,1.450000000000,2.445835192900,2.445835192900,1.450000000000,-114.306723758341
1.242146564500,1.120000000000,1.450000000000,2.299026260700,2.613627325700,1.290000000000,-114.288586002760
1.155821923600,1.230000000000,1.230000000000,2.175148208800,2.175148208800,1.050000000000,-114.257858478761
2.855942483700,1.450000000000,1.450000000000,2.138104276700,2.300724686800,1.450000000000,-114.281158625492
2.215591127700,1.120000000000,1.340000000000,2.048790926000,2.475281404500,1.450000000000,-114.363518688269
1.659491671900,0.900000000000,1.120000000000,2.003879652900,2.377726398300,1.450000000000,-114.355487182164
2.403152835700,1.340000000000,1.450000000000,2.508320642900,2.023029815300,1.290000000000,-114.347952370300
2.482592624900,1.230000000000,1.340000000000,2.125590927700,1.939333605600,1.290000000000,-114.379230259671
2.416836775600,1.340000000000,1.450000000000,2.661075880900,2.138104276700,1.450000000000,-114.304320761840
2.059182786000,1.120000000000,1.450000000000,1.780546330300,2.312491063200,1.290000000000,-114.340952292998
1.519491734100,1.010000000000,1.450000000000,1.964693738500,2.314765679000,1.050000000000,-114.320533373800
1.023004626300,1.010000000000,1.010000000000,1.964693738500,1.964693738500,1.050000000000,-114.255116163635
2.121916365100,1.010000000000,1.120000000000,1.837900751000,1.907873646900,1.450000000000,-114.352726312795
2.531604556900,1.120000000000,1.450000000000,1.658887764800,2.056100681100,1.130000000000,-114.346294047111
1.849946381300,1.120000000000,1.340000000000,2.453060504700,2.058345747500,1.450000000000,-114.317227182885
1.962510202200,1.120000000000,1.340000000000,2.174756104500,2.577967601000,1.450000000000,-114.358017155844
2.333382556800,1.120000000000,1.450000000000,1.722104060200,2.225205664400,1.050000000000,-114.348705537759
2.030856223300,1.010000000000,1.450000000000,2.052440107400,2.247124269000,1.210000000000,-114.403990649661
2.286304939600,1.340000000000,1.450000000000,2.214468516200,2.765779157200,1.450000000000,-114.311645573371
2.089357251300,1.120000000000,1.120000000000,1.914780277900,2.034624714600,1.290000000000,-114.425864792240
1.698061393000,1.120000000000,1.340000000000,1.830545861700,2.281051041200,1.050000000000,-114.334008519149
0.845723358700,0.900000000000,0.900000000000,2.247328822300,2.247328822300,1.450000000000,-114.271622672052
2.053655277800,0.900000000000,1.450000000000,1.771997880500,2.765779157200,1.450000000000,-114.295419346138
1.864207470200,1.230000000000,1.340000000000,2.107571307400,1.904315308200,1.050000000000,-114.321218512406
1.388470871700,0.900000000000,0.900000000000,1.894206353000,2.003879652900,1.450000000000,-114.284828502163
1.739886224600,0.900000000000,0.900000000000,1.703474702400,1.703474702400,1.370000000000,-114.308610109729
1.420913705200,0.900000000000,1.120000000000,2.091929981300,1.914780277900,1.290000000000,-114.339827288578
2.138433262600,1.340000000000,1.450000000000,2.281051041200,2.119403832900,1.050000000000,-114.342886766513
1.611679909600,0.900000000000,1.230000000000,1.504717508600,2.250972868100,1.130000000000,-114.303889293966
1.362554300100,1.450000000000,1.450000000000,2.765779157200,2.765779157200,1.450000000000,-114.205097330600
2.209978713700,1.230000000000,1.340000000000,2.235438986700,2.218282185500,1.290000000000,-114.406010350555
1.846207666800,0.900000000000,1.450000000000,1.684579437200,2.247124269000,1.210000000000,-114.323337430743
1.454169305300,1.010000000000,1.230000000000,2.195164321200,2.125590927700,1.290000000000,-114.361955472854
1.521352660000,0.900000000000,1.340000000000,1.860294966900,2.124180804900,1.050000000000,-114.313523767195
2.038627900000,0.900000000000,1.340000000000,1.703474702400,2.503739854300,1.370000000000,-114.341176967259
1.648669023500,1.010000000000,1.010000000000,1.837900751000,2.278972523300,1.450000000000,-114.347636827750
1.750416085200,0.900000000000,1.340000000000,2.003879652900,2.214468516200,1.450000000000,-114.299744104318
2.038627900000,0.900000000000,1.340000000000,2.028793224000,1.939333605600,1.290000000000,-114.360958184667
1.596197697100,1.120000000000,1.230000000000,2.004997543500,1.925363074900,1.050000000000,-114.335226220140
1.694771365300,0.900000000000,1.230000000000,1.635993775900,2.403434437900,1.290000000000,-114.339007492425
1.524106295500,0.900000000000,1.230000000000,1.877058730700,2.327077131300,1.210000000000,-114.379420847984
1.471866931100,0.900000000000,1.120000000000,1.549731588100,2.004997543500,1.050000000000,-114.279170916816
2.130422493300,1.230000000000,1.230000000000,1.685385203300,2.175148208800,1.050000000000,-114.342043851551
1.938102311900,0.900000000000,1.120000000000,1.569689525900,1.965696959500,1.210000000000,-114.375576900048
1.662984683400,1.120000000000,1.120000000000,2.104336218800,2.104336218800,1.370000000000,-114.375771867064
1.259188111900,1.340000000000,1.340000000000,2.281051041200,2.281051041200,1.050000000000,-114.246851501017
2.172258681900,1.230000000000,1.450000000000,2.263377860600,2.572331416200,1.450000000000,-114.330867110756
1.902734654200,1.120000000000,1.340000000000,1.849325049800,2.151782168200,1.210000000000,-114.373245635893
1.731671988100,0.900000000000,1.010000000000,2.104905062600,1.771495075500,1.370000000000,-114.363740419253
1.845525479100,0.900000000000,1.340000000000,1.569689525900,1.882107500300,1.210000000000,-114.296392128763
2.057863710200,1.230000000000,1.450000000000,1.925363074900,2.387324438500,1.050000000000,-114.349443225064
1.826331287500,1.010000000000,1.230000000000,2.127622816800,2.125590927700,1.290000000000,-114.419040642752
2.450638957300,1.230000000000,1.230000000000,1.685385203300,1.685385203300,1.050000000000,-114.288571153818
1.260197214200,1.120000000000,1.340000000000,2.069672826400,2.281051041200,1.050000000000,-114.284302350275
1.234487659700,0.900000000000,1.010000000000,1.860294966900,1.737519304400,1.050000000000,-114.266825822706
1.869018800700,1.120000000000,1.230000000000,2.284704853000,2.379358558200,1.450000000000,-114.376141224783
2.098423089500,0.900000000000,1.230000000000,1.684579437200,1.799007444100,1.210000000000,-114.356934958587
1.984667919900,0.900000000000,1.230000000000,1.703474702400,1.919253053700,1.370000000000,-114.325460313076
1.281141041300,0.900000000000,1.450000000000,2.247328822300,2.765779157200,1.450000000000,-114.230055962627
1.899838572800,0.900000000000,1.450000000000,1.877539664800,2.182732242800,1.130000000000,-114.363070207245
2.221528885000,1.450000000000,1.450000000000,2.572331416200,2.679250644300,1.450000000000,-114.300862845967
2.011469338400,1.120000000000,1.340000000000,1.718931914100,1.882107500300,1.210000000000,-114.334830427803
2.329674886500,1.230000000000,1.340000000000,2.328289642500,1.939333605600,1.290000000000,-114.384287974992
1.969246141000,1.230000000000,1.340000000000,2.125590927700,2.332952733300,1.290000000000,-114.382341897373
1.642959583200,0.900000000000,1.450000000000,1.731057325700,2.314765679000,1.050000000000,-114.296846480108
2.062752778000,1.230000000000,1.450000000000,1.981485436300,2.679250644300,1.450000000000,-114.296957036715
2.130330589900,1.120000000000,1.230000000000,2.284704853000,2.130400791800,1.450000000000,-114.380905745089
2.399042250800,1.340000000000,1.450000000000,2.475281404500,2.445835192900,1.450000000000,-114.325022889780
2.027386302300,1.450000000000,1.450000000000,2.300724686800,2.765779157200,1.450000000000,-114.265570297382
1.376054325300,1.010000000000,1.120000000000,1.964693738500,1.830545861700,1.050000000000,-114.315396377441
2.134384572200,1.010000000000,1.340000000000,1.579854961200,2.283397069300,1.130000000000,-114.373785222366
1.213779708500,1.010000000000,1.230000000000,2.118105622200,2.327077131300,1.210000000000,-114.342646462826
2.085675892000,1.120000000000,1.340000000000,2.375944821200,1.998124376800,1.370000000000,-114.364880334830
1.810490570000,1.120000000000,1.120000000000,1.780546330300,1.914780277900,1.290000000000,-114.367776849872
2.460350063100,1.450000000000,1.450000000000,2.300724686800,2.572331416200,1.450000000000,-114.295116436833
2.639561247300,1.230000000000,1.450000000000,2.064478613500,2.079824455600,1.370000000000,-114.335834095258
1.461002017900,1.010000000000,1.010000000000,2.191484743700,2.191484743700,1.450000000000,-114.350703209794
1.881079792200,0.900000000000,1.010000000000,1.894206353000,1.837900751000,1.450000000000,-114.337235564018
1.826313536200,1.230000000000,1.230000000000,2.194107578400,2.194107578400,1.370000000000,-114.361940623182
2.422627072400,1.230000000000,1.230000000000,1.981485436300,2.130400791800,1.450000000000,-114.348847025664
1.795207174000,0.900000000000,1.010000000000,1.616582177800,1.806008982300,1.130000000000,-114.374029515039
1.732513999100,0.900000000000,1.230000000000,1.441257906800,1.812161580400,1.050000000000,-114.240964526038
1.833101148600,0.900000000000,1.120000000000,1.771997880500,2.377726398300,1.450000000000,-114.346673330045
2.209978713700,1.230000000000,1.340000000000,2.093854765200,2.086230366900,1.130000000000,-114.410617499112
1.719782863400,1.230000000000,1.230000000000,2.130400791800,2.556817424500,1.450000000000,-114.323998041075
1.309322448400,0.900000000000,1.120000000000,2.091929981300,2.227499888900,1.290000000000,-114.354888855602
2.324130988700,1.010000000000,1.340000000000,1.706256262800,1.939333605600,1.290000000000,-114.352552414551
2.007445911700,1.230000000000,1.230000000000,1.741285598000,1.741285598000,1.130000000000,-114.318935296759
2.417646035100,1.120000000000,1.450000000000,1.907873646900,2.572331416200,1.450000000000,-114.334578618089
2.225970739300,1.340000000000,1.450000000000,2.353804275000,2.138104276700,1.450000000000,-114.286706006841
2.134384572200,1.010000000000,1.340000000000,2.016569804800,2.285647656500,1.370000000000,-114.389962512305
2.268006959600,1.120000000000,1.450000000000,2.284704853000,2.300724686800,1.450000000000,-114.342744208391
1.474983945300,0.900000000000,1.010000000000,1.684579437200,1.875410236500,1.210000000000,-114.343038421422
1.734317851100,1.120000000000,1.120000000000,1.849325049800,2.152914819400,1.210000000000,-114.406167538876
2.362454779100,1.340000000000,1.450000000000,2.281051041200,1.862898074700,1.050000000000,-114.312736371151
1.595164158200,1.120000000000,1.340000000000,1.965696959500,2.432292385600,1.210000000000,-114.363619601605
1.758767855500,1.340000000000,1.450000000000,2.661075880900,2.572331416200,1.450000000000,-114.280736152198
2.255496511400,1.010000000000,1.340000000000,1.945625520600,1.939333605600,1.290000000000,-114.382835595874
2.223519288200,1.010000000000,1.450000000000,2.127622816800,2.023029815300,1.290000000000,-114.372299248058
2.173887177400,1.010000000000,1.450000000000,1.579854961200,1.914421418900,1.130000000000,-114.305755468669
2.092868277000,1.340000000000,1.450000000000,2.356527116500,1.914421418900,1.130000000000,-114.322826712283
2.225970739300,1.340000000000,1.450000000000,2.151782168200,1.967848952900,1.210000000000,-114.331787898327
1.706604816600,0.900000000000,1.450000000000,2.099889163500,2.765779157200,1.450000000000,-114.296330657341
2.141751619600,1.010000000000,1.450000000000,1.969944411200,2.679250644300,1.450000000000,-114.339357851781
2.320948082100,1.340000000000,1.340000000000,2.214468516200,2.577967601000,1.450000000000,-114.336829918269
1.565981143900,1.120000000000,1.120000000000,1.981303582400,2.375944821200,1.370000000000,-114.359138433646
2.375540928400,1.450000000000,1.450000000000,2.115371369100,2.537913419200,1.210000000000,-114.357468540154
