r0,r1,r2,r3,r4,r5,E
1.947761776300,1.162500000000,1.200000000000,2.132441368900,2.091464797700,1.215000000000,-114.400442294707
2.017153024300,1.050000000000,1.200000000000,1.885508360500,2.091464797700,1.215000000000,-114.398816173644
1.894910441900,1.125000000000,1.162500000000,2.002927544900,2.107679946700,1.187500000000,-114.405016839880
1.731240999400,1.050000000000,1.050000000000,1.914706243800,1.982685764600,1.160000000000,-114.397518860867
1.775790609400,1.050000000000,1.087500000000,1.932877832200,2.179165426600,1.270000000000,-114.395917862790
2.133739167100,1.087500000000,1.200000000000,1.962810118400,1.960046032500,1.270000000000,-114.382145787862
1.824109545200,1.087500000000,1.125000000000,1.946729629400,2.049412679200,1.160000000000,-114.401725126125
1.910671825600,1.050000000000,1.050000000000,1.838563798500,1.838563798500,1.160000000000,-114.386735849965
2.116042952200,1.162500000000,1.162500000000,1.908636212800,2.083175160700,1.242500000000,-114.389654146863
1.931886981900,1.125000000000,1.125000000000,2.075397552300,2.075397552300,1.270000000000,-114.402484719865
1.953741106100,1.125000000000,1.162500000000,2.111107221100,1.842563761400,1.160000000000,-114.385872416480
1.644878415000,1.125000000000,1.200000000000,2.213387139000,2.282139669100,1.270000000000,-114.377817042824
2.215242632800,1.200000000000,1.200000000000,1.960046032500,2.139369065900,1.270000000000,-114.383845393455
1.832789997300,1.087500000000,1.125000000000,2.015976521500,1.978945426200,1.160000000000,-114.403109539645
1.962691334000,1.162500000000,1.200000000000,2.145710427500,1.962394118300,1.160000000000,-114.393066571403
1.981831539300,1.087500000000,1.200000000000,2.153456380300,1.937938245300,1.242500000000,-114.391450219840
1.934809879600,1.162500000000,1.200000000000,2.059142722100,2.165957831300,1.215000000000,-114.398747573858
2.237154905100,1.162500000000,1.200000000000,1.954002952700,1.894146385200,1.187500000000,-114.381933749549
2.027448214300,1.050000000000,1.162500000000,1.914706243800,1.842563761400,1.160000000000,-114.385049720643
1.936278249600,1.162500000000,1.200000000000,1.977034170400,2.231176455100,1.215000000000,-114.392789646446
1.954520019700,1.087500000000,1.200000000000,1.873627272800,2.282139669100,1.270000000000,-114.384507274628
1.900390837100,1.125000000000,1.162500000000,1.923086983400,2.171137980100,1.187500000000,-114.399248850686
1.854989057000,1.087500000000,1.087500000000,2.043693042000,2.043693042000,1.270000000000,-114.401688199612
1.813002728200,1.050000000000,1.162500000000,1.982685764600,2.011344388700,1.160000000000,-114.397331745376
1.789095831100,1.200000000000,1.200000000000,2.165957831300,2.231176455100,1.215000000000,-114.388552954093
2.130729179500,1.087500000000,1.162500000000,1.850919985600,2.000178287800,1.242500000000,-114.388827145729
1.962599961500,1.162500000000,1.200000000000,2.182160983900,2.139369065900,1.270000000000,-114.396554333910
1.997827805900,1.162500000000,1.162500000000,1.930941269300,2.247713460000,1.270000000000,-114.387170365300
1.761152730600,1.050000000000,1.200000000000,2.145053329300,2.139369065900,1.270000000000,-114.388197427133
1.630835634100,1.125000000000,1.200000000000,2.162152437500,2.231176455100,1.215000000000,-114.382084729831
2.027448214300,1.050000000000,1.162500000000,1.822533907300,2.083175160700,1.242500000000,-114.391283985315
2.180677199800,1.162500000000,1.200000000000,2.059142722100,1.915970076900,1.215000000000,-114.389954026175
1.978561142100,1.200000000000,1.200000000000,2.043917806600,2.116693605200,1.160000000000,-114.395167726142
1.845963179600,1.050000000000,1.200000000000,1.861980950300,2.205767570800,1.187500000000,-114.391083356838
1.769773708100,1.125000000000,1.125000000000,2.074202423400,2.074202423400,1.187500000000,-114.402735953109
1.721673587500,1.162500000000,1.162500000000,2.107679946700,2.171137980100,1.187500000000,-114.391370762158
1.900159937600,1.087500000000,1.125000000000,2.115917651300,1.992998471600,1.270000000000,-114.399978811144
1.844461719300,1.087500000000,1.162500000000,1.869161991300,2.145710427500,1.160000000000,-114.392015796374
1.813002728200,1.050000000000,1.162500000000,2.012187864000,2.182160983900,1.270000000000,-114.396301363732
1.916172943700,1.087500000000,1.125000000000,2.040864799100,1.923086983400,1.187500000000,-114.404579935969
1.950000000000,1.050000000000,1.200000000000,1.754589180900,2.180409429200,1.160000000000,-114.383290889948
2.054020478000,1.125000000000,1.200000000000,1.923086983400,2.067645097700,1.187500000000,-114.396092111394
2.046070929900,1.162500000000,1.200000000000,2.082987235700,1.962394118300,1.160000000000,-114.396002128471
1.889690514700,1.087500000000,1.125000000000,2.102174287100,1.835024083300,1.187500000000,-114.390948653584
1.740839567500,1.087500000000,1.125000000000,1.995042292800,2.162152437500,1.215000000000,-114.399935804688
1.855686327400,1.125000000000,1.125000000000,1.992998471600,2.213387139000,1.270000000000,-114.395330275995
1.883978503100,1.050000000000,1.125000000000,1.885508360500,2.099059683900,1.215000000000,-114.403846807091
2.131138291500,1.050000000000,1.200000000000,1.845445852200,2.054098123700,1.270000000000,-114.382871481511
1.828766165000,1.162500000000,1.162500000000,2.082987235700,2.082987235700,1.160000000000,-114.397897785860
2.198721709700,1.200000000000,1.200000000000,1.915970076900,2.091464797700,1.215000000000,-114.385816176612
1.649512116200,1.087500000000,1.125000000000,2.065819309900,2.162152437500,1.215000000000,-114.394804123480
1.813355602400,1.087500000000,1.125000000000,1.939237107300,2.187746933500,1.242500000000,-114.396781125489
1.926674147500,1.125000000000,1.200000000000,2.162152437500,2.008016406500,1.215000000000,-114.397381594155
1.538871339700,1.050000000000,1.125000000000,2.145053329300,2.213387139000,1.270000000000,-114.378681462273
1.979767946100,1.050000000000,1.125000000000,1.799750480900,2.026999013300,1.215000000000,-114.391731281925
1.984400254900,1.087500000000,1.125000000000,2.090837682400,1.879625559200,1.242500000000,-114.397828379838
1.958487904500,1.050000000000,1.050000000000,1.754589180900,1.838563798500,1.160000000000,-114.376082034573
2.022598082800,1.087500000000,1.200000000000,1.783607776600,2.116693605200,1.160000000000,-114.384243103318
1.629833860900,1.050000000000,1.125000000000,2.042207658100,2.049412679200,1.160000000000,-114.391354098560
1.905910935300,1.125000000000,1.200000000000,1.992998471600,2.282139669100,1.270000000000,-114.389274642873
1.842790916600,1.162500000000,1.162500000000,2.182160983900,2.182160983900,1.270000000000,-114.396335706893
2.182712571400,1.162500000000,1.200000000000,2.107292397800,1.960046032500,1.270000000000,-114.387093840431
2.016328236900,1.087500000000,1.162500000000,1.939237107300,2.083175160700,1.242500000000,-114.402321627899
1.641421357500,1.050000000000,1.050000000000,1.963281691500,2.093539575000,1.215000000000,-114.394129279005
2.226564607900,1.162500000000,1.162500000000,1.864442465500,1.864442465500,1.187500000000,-114.372367303661
1.864205377200,1.087500000000,1.162500000000,2.019326929900,2.157269136100,1.242500000000,-114.403919686096
1.871270595300,1.087500000000,1.162500000000,1.962810118400,2.247713460000,1.270000000000,-114.395681338651
2.077552419800,1.050000000000,1.200000000000,1.932877832200,2.054098123700,1.270000000000,-114.391377498215
1.829352501900,1.125000000000,1.200000000000,2.123982090300,2.190692317800,1.242500000000,-114.397254640804
1.695946415500,1.050000000000,1.087500000000,1.987694959000,2.153456380300,1.242500000000,-114.398742558785
1.982919336800,1.162500000000,1.162500000000,2.059142722100,2.059142722100,1.215000000000,-114.402182219819
1.621368096900,1.087500000000,1.087500000000,2.040864799100,2.102174287100,1.187500000000,-114.394204650711
1.921543190700,1.050000000000,1.125000000000,1.914706243800,1.900007568000,1.160000000000,-114.394407263123
1.845111493000,1.125000000000,1.200000000000,2.074202423400,2.141290807600,1.187500000000,-114.401629416367
1.594978093900,1.087500000000,1.200000000000,2.102174287100,2.205767570800,1.187500000000,-114.380084773962
1.974844642400,1.050000000000,1.087500000000,1.932877832200,1.962810118400,1.270000000000,-114.397135339537
1.780808705100,1.050000000000,1.200000000000,2.012187864000,2.282139669100,1.270000000000,-114.390358783159
2.173679833300,1.050000000000,1.200000000000,1.845445852200,1.960046032500,1.270000000000,-114.373879647211
1.857972539400,1.050000000000,1.125000000000,2.145053329300,1.902130495400,1.270000000000,-114.388345125755
2.099077994000,1.050000000000,1.200000000000,1.909141952800,1.937938245300,1.242500000000,-114.382546380859
2.176017953500,1.125000000000,1.162500000000,1.835024083300,1.864442465500,1.187500000000,-114.372897428388
1.888178851600,1.050000000000,1.087500000000,1.838563798500,1.946729629400,1.160000000000,-114.394050981479
2.002692493500,1.050000000000,1.200000000000,1.822533907300,2.190692317800,1.242500000000,-114.389449466910
1.824881440200,1.087500000000,1.125000000000,2.179165426600,1.992998471600,1.270000000000,-114.395679253888
1.875801702400,1.087500000000,1.200000000000,2.127792120400,2.008016406500,1.215000000000,-114.395002226258
1.938337303700,1.050000000000,1.050000000000,1.845445852200,2.012187864000,1.270000000000,-114.392346171032
2.044536788500,1.050000000000,1.162500000000,1.754589180900,2.011344388700,1.160000000000,-114.385714732642
1.873395068200,1.125000000000,1.162500000000,2.049412679200,2.011344388700,1.160000000000,-114.399304409477
1.888178851600,1.050000000000,1.087500000000,1.963281691500,1.915768789700,1.215000000000,-114.400581919085
2.082434967100,1.087500000000,1.200000000000,1.946729629400,1.872472221800,1.160000000000,-114.383208747729
2.152494579700,1.200000000000,1.200000000000,2.054098123700,2.139369065900,1.270000000000,-114.391602251559
1.694092125400,1.125000000000,1.162500000000,2.162152437500,2.132441368900,1.215000000000,-114.392338441726
2.019053937100,1.050000000000,1.200000000000,2.083018658400,1.960046032500,1.270000000000,-114.389935877240
2.055059759500,1.162500000000,1.162500000000,1.886468314100,2.132441368900,1.215000000000,-114.391701675035
2.021283141100,1.087500000000,1.200000000000,1.869161991300,2.043917806600,1.160000000000,-114.392184790925
1.953741106100,1.125000000000,1.162500000000,2.162152437500,1.886468314100,1.215000000000,-114.391145329034
1.670896178600,1.050000000000,1.087500000000,2.145053329300,2.043693042000,1.270000000000,-114.391584400808
1.793830116400,1.087500000000,1.087500000000,1.915768789700,2.127792120400,1.215000000000,-114.399691036825
1.950000000000,1.050000000000,1.200000000000,1.914706243800,2.043917806600,1.160000000000,-114.398857365093
1.864205377200,1.087500000000,1.162500000000,2.065819309900,2.059142722100,1.215000000000,-114.405732976756
2.051773193100,1.087500000000,1.087500000000,1.873627272800,1.962810118400,1.270000000000,-114.389284901455
2.014193198500,1.050000000000,1.162500000000,1.963281691500,1.886468314100,1.215000000000,-114.390764019324
2.243726258600,1.125000000000,1.200000000000,1.812937590700,1.872472221800,1.160000000000,-114.366738796706
1.700043548800,1.087500000000,1.087500000000,1.970842142300,2.102174287100,1.187500000000,-114.397416400209
1.950980234700,1.050000000000,1.125000000000,2.032727179500,1.857255115600,1.215000000000,-114.396896578390
1.995527069500,1.200000000000,1.200000000000,2.139369065900,2.215492007600,1.270000000000,-114.393895276249
2.166136210100,1.125000000000,1.162500000000,1.969586408500,1.908636212800,1.242500000000,-114.388556469596
1.782495595500,1.087500000000,1.087500000000,1.869161991300,2.076604598600,1.160000000000,-114.393140868417
2.193415975200,1.125000000000,1.200000000000,1.857255115600,2.008016406500,1.215000000000,-114.384881403896
1.888549840400,1.050000000000,1.162500000000,2.007674043200,1.954002952700,1.187500000000,-114.398291418319
1.987781488600,1.087500000000,1.162500000000,1.946729629400,1.931088674100,1.160000000000,-114.394945346647
2.071806822900,1.050000000000,1.200000000000,1.777100515900,2.067645097700,1.187500000000,-114.387184343732
1.641421357500,1.050000000000,1.050000000000,2.012187864000,2.145053329300,1.270000000000,-114.389718887198
2.139846048800,1.162500000000,1.162500000000,1.931088674100,1.931088674100,1.160000000000,-114.389833592180
1.758665740200,1.125000000000,1.125000000000,1.978945426200,2.111107221100,1.160000000000,-114.395105026188
1.629958419300,1.162500000000,1.162500000000,2.145710427500,2.145710427500,1.160000000000,-114.381309307328
1.807302296700,1.050000000000,1.125000000000,1.861980950300,2.136605293700,1.187500000000,-114.398400385219
2.044228807300,1.125000000000,1.162500000000,2.148967376100,1.930941269300,1.270000000000,-114.392577409699
1.922795220200,1.050000000000,1.125000000000,1.845445852200,2.148967376100,1.270000000000,-114.390823885058
1.823755050300,1.050000000000,1.087500000000,1.861980950300,2.040864799100,1.187500000000,-114.398947478306
1.945456373100,1.050000000000,1.087500000000,2.012187864000,1.873627272800,1.270000000000,-114.390933481999
1.873510838200,1.100820000000,1.100820000000,2.015376521300,2.015376521300,1.206260000000,-114.409590432834
1.950000000000,1.050000000000,1.200000000000,1.885508360500,2.165957831300,1.215000000000,-114.399480290024
2.013858237300,1.125000000000,1.200000000000,2.051156685900,2.115373784900,1.242500000000,-114.402933031939
1.958294222200,1.050000000000,1.087500000000,1.914706243800,1.783607776600,1.160000000000,-114.385951677106
2.044133839800,1.087500000000,1.125000000000,1.946729629400,1.812937590700,1.160000000000,-114.389428337424
1.870806627700,1.125000000000,1.125000000000,2.075397552300,2.148967376100,1.270000000000,-114.402904063187
1.952507677600,1.087500000000,1.200000000000,2.115917651300,2.054098123700,1.270000000000,-114.394177449794
2.166404502400,1.087500000000,1.200000000000,1.783607776600,1.962394118300,1.160000000000,-114.378230915321
1.844572024500,1.050000000000,1.200000000000,1.914706243800,2.116693605200,1.160000000000,-114.394686134843
1.983619452800,1.162500000000,1.162500000000,1.954002952700,2.107679946700,1.187500000000,-114.398213592952
1.995527069500,1.200000000000,1.200000000000,2.008016406500,2.231176455100,1.215000000000,-114.393847268082
2.098554443500,1.087500000000,1.162500000000,1.805905192700,1.954002952700,1.187500000000,-114.383471465237
2.118926765400,1.162500000000,1.200000000000,2.107679946700,1.894146385200,1.187500000000,-114.390932202057
1.926314495900,1.125000000000,1.200000000000,2.049412679200,2.043917806600,1.160000000000,-114.400003198297
1.851224257100,1.050000000000,1.087500000000,2.057842804600,1.939237107300,1.242500000000,-114.403525854321
1.669182571100,1.050000000000,1.200000000000,2.067850039400,2.141290807600,1.187500000000,-114.388451402376
1.835393303700,1.050000000000,1.087500000000,1.963281691500,1.995042292800,1.215000000000,-114.405482115829
1.885935532200,1.125000000000,1.162500000000,2.148967376100,2.107292397800,1.270000000000,-114.399270045797
2.068237261600,1.162500000000,1.162500000000,1.842563761400,2.082987235700,1.160000000000,-114.387529414630
1.770669829800,1.050000000000,1.087500000000,2.083018658400,2.043693042000,1.270000000000,-114.401071509290
1.816087541300,1.087500000000,1.200000000000,2.076604598600,2.043917806600,1.160000000000,-114.396363195589
1.979767946100,1.050000000000,1.125000000000,1.845445852200,2.075397552300,1.270000000000,-114.390177039566
1.670193873000,1.050000000000,1.087500000000,2.007674043200,2.040864799100,1.187500000000,-114.398285865000
2.028433901000,1.087500000000,1.087500000000,1.828344313600,1.915768789700,1.215000000000,-114.388110404295
1.844546516200,1.162500000000,1.162500000000,2.059142722100,2.196615469000,1.215000000000,-114.399816650801
2.105544250600,1.125000000000,1.162500000000,2.002927544900,1.864442465500,1.187500000000,-114.391951098674
1.909883595800,1.050000000000,1.087500000000,2.012187864000,1.962810118400,1.270000000000,-114.400373235662
1.857624015300,1.050000000000,1.200000000000,1.932877832200,2.282139669100,1.270000000000,-114.389345467355
1.934098846800,1.087500000000,1.087500000000,1.892409060600,1.970842142300,1.187500000000,-114.401805287843
1.813002728200,1.050000000000,1.162500000000,2.057842804600,2.083175160700,1.242500000000,-114.399819865067
2.085492953300,1.125000000000,1.200000000000,1.835024083300,2.141290807600,1.187500000000,-114.391728977444
1.917137231300,1.050000000000,1.087500000000,2.007674043200,1.805905192700,1.187500000000,-114.394821049250
1.981121841300,1.125000000000,1.162500000000,2.148967376100,2.023431430700,1.270000000000,-114.399676899664
2.085492953300,1.125000000000,1.200000000000,1.879625559200,2.190692317800,1.242500000000,-114.392462191655
2.076750458800,1.125000000000,1.125000000000,1.923086983400,1.923086983400,1.187500000000,-114.397656399505
2.054020478000,1.125000000000,1.200000000000,1.969586408500,2.115373784900,1.242500000000,-114.396275737474
2.063806261900,1.050000000000,1.162500000000,1.845445852200,2.023431430700,1.270000000000,-114.383604408190
2.253282775300,1.200000000000,1.200000000000,1.915970076900,2.008016406500,1.215000000000,-114.379931926941
1.915250968300,1.050000000000,1.162500000000,2.042207658100,1.842563761400,1.160000000000,-114.387519906281
2.063806261900,1.050000000000,1.162500000000,1.838563798500,1.842563761400,1.160000000000,-114.376842116643
1.663629323700,1.087500000000,1.125000000000,2.179165426600,2.148967376100,1.270000000000,-114.391581909399
2.010325620500,1.125000000000,1.125000000000,1.992998471600,2.075397552300,1.270000000000,-114.400620137061
2.061301602800,1.125000000000,1.125000000000,1.857255115600,2.026999013300,1.215000000000,-114.394489851370
1.811732822900,1.050000000000,1.050000000000,2.012187864000,2.012187864000,1.270000000000,-114.401613144432
1.903013402100,1.087500000000,1.200000000000,1.869161991300,2.180409429200,1.160000000000,-114.393350105256
2.135280629100,1.050000000000,1.162500000000,1.754589180900,1.842563761400,1.160000000000,-114.367334814103
2.168494810000,1.125000000000,1.200000000000,1.900007568000,1.872472221800,1.160000000000,-114.376237009489
1.984400254900,1.087500000000,1.125000000000,1.873627272800,2.148967376100,1.270000000000,-114.395317836930
1.943606654400,1.050000000000,1.125000000000,1.963281691500,1.946281283200,1.215000000000,-114.402924647902
1.700687069000,1.050000000000,1.125000000000,2.012187864000,2.213387139000,1.270000000000,-114.391375728118
2.148211653700,1.125000000000,1.200000000000,1.923086983400,1.985145846600,1.187500000000,-114.393656170908
2.168494810000,1.125000000000,1.200000000000,1.902130495400,2.054098123700,1.270000000000,-114.381394274473
1.950000000000,1.050000000000,1.200000000000,2.012187864000,2.139369065900,1.270000000000,-114.398796995328
1.948917969000,1.087500000000,1.162500000000,1.939237107300,2.157269136100,1.242500000000,-114.402744398458
1.851224257100,1.050000000000,1.087500000000,1.982685764600,1.869161991300,1.160000000000,-114.398815793209
1.974986985000,1.087500000000,1.200000000000,2.102174287100,1.894146385200,1.187500000000,-114.390427124448
1.824109545200,1.087500000000,1.125000000000,1.995042292800,2.099059683900,1.215000000000,-114.405760271798
1.750566271400,1.050000000000,1.087500000000,1.963281691500,2.065819309900,1.215000000000,-114.402286751711
1.799840815700,1.125000000000,1.162500000000,2.111107221100,2.011344388700,1.160000000000,-114.396109700828
1.730777707700,1.050000000000,1.162500000000,1.963281691500,2.196615469000,1.215000000000,-114.394954665556
1.950000000000,1.050000000000,1.200000000000,1.932877832200,2.215492007600,1.270000000000,-114.395476650621
1.555060014500,1.050000000000,1.050000000000,2.057842804600,2.119274550100,1.242500000000,-114.386556802822
1.524799811600,1.087500000000,1.087500000000,2.153456380300,2.153456380300,1.242500000000,-114.381499836293
2.020725392500,1.050000000000,1.050000000000,1.822533907300,1.822533907300,1.242500000000,-114.378451036206
1.538871339700,1.050000000000,1.125000000000,2.042207658100,2.111107221100,1.160000000000,-114.382000287740
1.948557158500,1.125000000000,1.125000000000,1.857255115600,2.162152437500,1.215000000000,-114.395554941440
1.990004411000,1.050000000000,1.200000000000,1.982685764600,1.872472221800,1.160000000000,-114.384197273507
1.923200307000,1.050000000000,1.200000000000,2.119274550100,1.937938245300,1.242500000000,-114.387032110283
2.118926765400,1.162500000000,1.200000000000,2.107292397800,2.054098123700,1.270000000000,-114.394641011435
1.877078871600,1.087500000000,1.087500000000,1.873627272800,2.179165426600,1.270000000000,-114.392172355547
1.777388404000,1.050000000000,1.087500000000,2.042207658100,1.869161991300,1.160000000000,-114.395237317110
1.824109545200,1.087500000000,1.125000000000,2.115917651300,2.075397552300,1.270000000000,-114.401158935625
1.748946842000,1.087500000000,1.125000000000,2.076604598600,1.978945426200,1.160000000000,-114.397964643161
2.237324804300,1.125000000000,1.200000000000,1.879625559200,1.937938245300,1.242500000000,-114.375382985546
1.751894704200,1.050000000000,1.087500000000,2.093539575000,1.915768789700,1.215000000000,-114.396421495486
1.956329025800,1.050000000000,1.162500000000,1.754589180900,2.082987235700,1.160000000000,-114.384692789988
2.079521360500,1.050000000000,1.200000000000,2.012187864000,1.960046032500,1.270000000000,-114.388567369091
1.590990257700,1.125000000000,1.125000000000,2.162152437500,2.162152437500,1.215000000000,-114.387298102102
1.966891691500,1.200000000000,1.200000000000,2.054098123700,2.282139669100,1.270000000000,-114.385197948066
1.865625463000,1.050000000000,1.200000000000,1.982685764600,2.043917806600,1.160000000000,-114.398204548116
1.911264602000,1.050000000000,1.050000000000,1.754589180900,1.914706243800,1.160000000000,-114.382621848830
1.867858351300,1.087500000000,1.087500000000,1.962810118400,2.115917651300,1.270000000000,-114.400239924491
1.883432757200,1.050000000000,1.050000000000,1.909141952800,1.987694959000,1.242500000000,-114.402085241187
2.122523992900,1.125000000000,1.125000000000,1.835024083300,1.923086983400,1.187500000000,-114.386899277125
2.113423153200,1.125000000000,1.162500000000,1.835024083300,2.035198086200,1.187500000000,-114.392341581571
1.793508988900,1.050000000000,1.050000000000,1.777100515900,2.067850039400,1.187500000000,-114.386818333209
1.982522265400,1.087500000000,1.125000000000,1.915768789700,2.026999013300,1.215000000000,-114.404814331092
1.761152730600,1.050000000000,1.200000000000,2.042207658100,2.043917806600,1.160000000000,-114.390569918020
1.748726885200,1.125000000000,1.200000000000,2.148967376100,2.282139669100,1.270000000000,-114.387838118266
2.012115183600,1.125000000000,1.200000000000,1.879625559200,2.256634368100,1.242500000000,-114.389926295109
2.137132929900,1.087500000000,1.125000000000,1.828344313600,1.857255115600,1.215000000000,-114.379983799189
2.026651902300,1.087500000000,1.125000000000,1.962810118400,1.992998471600,1.270000000000,-114.396206688222
1.954425096100,1.087500000000,1.125000000000,2.043693042000,1.992998471600,1.270000000000,-114.398817960749
1.889410532400,1.050000000000,1.087500000000,2.057842804600,1.850919985600,1.242500000000,-114.393566086338
2.228684928800,1.162500000000,1.200000000000,1.930941269300,2.054098123700,1.270000000000,-114.381218002124
2.001519930600,1.125000000000,1.125000000000,1.857255115600,2.099059683900,1.215000000000,-114.396121578154
1.555060014500,1.050000000000,1.050000000000,1.982685764600,2.042207658100,1.160000000000,-114.384502542256
1.844812706900,1.050000000000,1.087500000000,2.119274550100,1.850919985600,1.242500000000,-114.393121907969
2.165062920500,1.125000000000,1.125000000000,1.812937590700,1.812937590700,1.160000000000,-114.370044025029
2.052199692900,1.087500000000,1.200000000000,1.995042292800,2.008016406500,1.215000000000,-114.400877919018
2.067484974200,1.162500000000,1.162500000000,1.931088674100,2.011344388700,1.160000000000,-114.394929023471
1.817889948500,1.125000000000,1.200000000000,2.026999013300,2.231176455100,1.215000000000,-114.394702071670
2.115615578400,1.125000000000,1.200000000000,1.992998471600,2.054098123700,1.270000000000,-114.389621060216
1.932764173100,1.050000000000,1.050000000000,1.909141952800,1.909141952800,1.242500000000,-114.396976386523
1.731240999400,1.050000000000,1.050000000000,2.012187864000,2.083018658400,1.270000000000,-114.398286229749
2.115386664000,1.162500000000,1.162500000000,1.977034170400,1.977034170400,1.215000000000,-114.393629701193
1.845111493000,1.125000000000,1.200000000000,2.075397552300,2.282139669100,1.270000000000,-114.392784323716
1.755442708000,1.087500000000,1.125000000000,2.127792120400,2.026999013300,1.215000000000,-114.402442032745
2.184302402300,1.200000000000,1.200000000000,1.872472221800,2.043917806600,1.160000000000,-114.379112993020
1.770669829800,1.050000000000,1.087500000000,2.007674043200,1.970842142300,1.187500000000,-114.404462970121
1.585829806900,1.087500000000,1.162500000000,2.153456380300,2.222141176500,1.242500000000,-114.382646530690
1.943627084100,1.087500000000,1.087500000000,1.850919985600,2.090837682400,1.242500000000,-114.397239194240
1.867858351300,1.087500000000,1.087500000000,1.915768789700,2.065819309900,1.215000000000,-114.403789322371
1.874436284800,1.162500000000,1.200000000000,2.247713460000,2.139369065900,1.270000000000,-114.391468529013
1.933762314200,1.087500000000,1.162500000000,1.783607776600,2.145710427500,1.160000000000,-114.386112898584
1.748726885200,1.125000000000,1.200000000000,2.049412679200,2.180409429200,1.160000000000,-114.392177808247
2.082915278400,1.087500000000,1.087500000000,1.805905192700,1.805905192700,1.187500000000,-114.375557548148
1.669182571100,1.050000000000,1.200000000000,2.119274550100,2.190692317800,1.242500000000,-114.386286994539
2.047384928500,1.087500000000,1.162500000000,1.892409060600,1.954002952700,1.187500000000,-114.393588556647
2.140440286800,1.087500000000,1.162500000000,1.873627272800,1.930941269300,1.270000000000,-114.376193461166
2.001968134100,1.050000000000,1.200000000000,2.012187864000,2.054098123700,1.270000000000,-114.394261968481
1.583029564000,1.050000000000,1.087500000000,2.067850039400,2.040864799100,1.187500000000,-114.390054985452
1.689670915500,1.050000000000,1.087500000000,2.042207658100,1.946729629400,1.160000000000,-114.395385055340
1.803094516400,1.050000000000,1.050000000000,1.914706243800,1.914706243800,1.160000000000,-114.398300519920
1.611386375900,1.050000000000,1.125000000000,1.982685764600,2.111107221100,1.160000000000,-114.387589413164
1.983619452800,1.162500000000,1.162500000000,2.000178287800,2.157269136100,1.242500000000,-114.397707025750
1.868935689400,1.087500000000,1.087500000000,1.805905192700,2.102174287100,1.187500000000,-114.392047562592
1.808926369100,1.050000000000,1.125000000000,2.032727179500,2.026999013300,1.215000000000,-114.406431907442
2.070976941300,1.125000000000,1.125000000000,1.812937590700,1.978945426200,1.160000000000,-114.388571941248
1.856843065300,1.050000000000,1.200000000000,2.083018658400,2.139369065900,1.270000000000,-114.395565049067
2.006532586900,1.162500000000,1.162500000000,1.842563761400,2.145710427500,1.160000000000,-114.386839395955
2.028971588100,1.162500000000,1.200000000000,2.023431430700,2.215492007600,1.270000000000,-114.393058899085
2.046884476700,1.200000000000,1.200000000000,2.043917806600,2.043917806600,1.160000000000,-114.393555021571
1.748726885200,1.125000000000,1.200000000000,2.162152437500,2.165957831300,1.215000000000,-114.394480069520
2.118926765400,1.162500000000,1.200000000000,2.182160983900,1.960046032500,1.270000000000,-114.388511677121
2.270479592000,1.200000000000,1.200000000000,1.872472221800,1.962394118300,1.160000000000,-114.374597384037
1.671274176800,1.200000000000,1.200000000000,2.282139669100,2.282139669100,1.270000000000,-114.370084568676
1.867490749200,1.087500000000,1.087500000000,1.946729629400,1.946729629400,1.160000000000,-114.402037243368
2.176263827300,1.087500000000,1.200000000000,1.783607776600,1.872472221800,1.160000000000,-114.364689357919
1.875121249000,1.200000000000,1.200000000000,2.215492007600,2.215492007600,1.270000000000,-114.387542806993
1.659702221800,1.050000000000,1.050000000000,2.057842804600,2.057842804600,1.242500000000,-114.398756942681
2.013570448000,1.050000000000,1.162500000000,1.838563798500,1.931088674100,1.160000000000,-114.387252817366
2.131138291500,1.050000000000,1.200000000000,1.838563798500,1.872472221800,1.160000000000,-114.377097207371
2.182867688600,1.162500000000,1.162500000000,1.908636212800,2.000178287800,1.242500000000,-114.385412237369
1.730777707700,1.050000000000,1.162500000000,2.119274550100,2.083175160700,1.242500000000,-114.393987151738
1.699973272600,1.050000000000,1.125000000000,2.032727179500,2.099059683900,1.215000000000,-114.399182129418
1.744515831300,1.050000000000,1.050000000000,1.885508360500,2.093539575000,1.215000000000,-114.398073955615
1.640731092800,1.050000000000,1.050000000000,1.982685764600,1.982685764600,1.160000000000,-114.392807391520
1.872661808600,1.050000000000,1.200000000000,1.987694959000,2.190692317800,1.242500000000,-114.400627697019
1.729512820500,1.087500000000,1.125000000000,2.179165426600,2.075397552300,1.270000000000,-114.393314256189
1.995527069500,1.200000000000,1.200000000000,2.091464797700,2.165957831300,1.215000000000,-114.399761729216
2.013858237300,1.125000000000,1.200000000000,1.978945426200,2.043917806600,1.160000000000,-114.400620827615
1.666135729900,1.125000000000,1.125000000000,2.148967376100,2.213387139000,1.270000000000,-114.387412329460
1.997045872000,1.125000000000,1.200000000000,2.049412679200,1.962394118300,1.160000000000,-114.395591828142
1.950000000000,1.050000000000,1.200000000000,1.822533907300,2.256634368100,1.242500000000,-114.388509952823
2.052199692900,1.087500000000,1.200000000000,2.015976521500,1.872472221800,1.160000000000,-114.388843835542
1.721030230100,1.050000000000,1.050000000000,1.838563798500,2.042207658100,1.160000000000,-114.388964347062
2.009437983200,1.087500000000,1.087500000000,1.915768789700,1.915768789700,1.215000000000,-114.400358684181
1.887686769200,1.087500000000,1.200000000000,1.915768789700,2.231176455100,1.215000000000,-114.395442738071
1.700687069000,1.050000000000,1.125000000000,2.093539575000,2.026999013300,1.215000000000,-114.396651462142
1.941142310200,1.125000000000,1.125000000000,2.026999013300,2.026999013300,1.215000000000,-114.407844758101
1.749624032400,1.162500000000,1.200000000000,2.222141176500,2.190692317800,1.242500000000,-114.386677639636
1.594978093900,1.087500000000,1.200000000000,2.179165426600,2.282139669100,1.270000000000,-114.373355404998
1.934098846800,1.087500000000,1.087500000000,1.962810118400,2.043693042000,1.270000000000,-114.400604582871
1.996283214600,1.162500000000,1.162500000000,2.107292397800,2.107292397800,1.270000000000,-114.398927276133
1.965317079800,1.087500000000,1.200000000000,1.869161991300,2.116693605200,1.160000000000,-114.394684011073
2.100888672200,1.087500000000,1.087500000000,1.873627272800,1.873627272800,1.270000000000,-114.380718826807
1.515548385300,1.050000000000,1.125000000000,2.093539575000,2.162152437500,1.215000000000,-114.379919936762
1.971622428400,1.050000000000,1.050000000000,1.799750480900,1.885508360500,1.215000000000,-114.386426860771
1.785045015700,1.125000000000,1.125000000000,2.148967376100,2.148967376100,1.270000000000,-114.399640938637
1.997045872000,1.125000000000,1.200000000000,1.946281283200,2.165957831300,1.215000000000,-114.399169156415
1.932267260000,1.125000000000,1.125000000000,1.923086983400,2.074202423400,1.187500000000,-114.402461831122
2.116271112900,1.125000000000,1.200000000000,2.075397552300,1.960046032500,1.270000000000,-114.386545557665
1.793508988900,1.050000000000,1.050000000000,1.845445852200,2.145053329300,1.270000000000,-114.386745956545
1.692362200900,1.087500000000,1.162500000000,2.115917651300,2.247713460000,1.270000000000,-114.390215658423
2.144691954800,1.200000000000,1.200000000000,1.894146385200,2.141290807600,1.187500000000,-114.387462998371
2.013858237300,1.125000000000,1.200000000000,1.835024083300,2.205767570800,1.187500000000,-114.389773235224
2.027002319800,1.087500000000,1.125000000000,2.019326929900,1.879625559200,1.242500000000,-114.394834465291
1.644023266300,1.162500000000,1.162500000000,2.222141176500,2.222141176500,1.242500000000,-114.383000508981
2.148211653700,1.125000000000,1.200000000000,1.857255115600,2.091464797700,1.215000000000,-114.391376026109
1.992474221100,1.050000000000,1.125000000000,1.885508360500,1.946281283200,1.215000000000,-114.396988282894
1.888549840400,1.050000000000,1.162500000000,1.909141952800,2.157269136100,1.242500000000,-114.397797861212
1.669182571100,1.050000000000,1.200000000000,2.007674043200,2.205767570800,1.187500000000,-114.387845126943
1.817889948500,1.125000000000,1.200000000000,2.213387139000,2.139369065900,1.270000000000,-114.389428086924
1.825866887000,1.050000000000,1.162500000000,2.042207658100,1.931088674100,1.160000000000,-114.392924195099
2.007563636000,1.087500000000,1.087500000000,1.850919985600,2.019326929900,1.242500000000,-114.396536304635
2.078460969100,1.200000000000,1.200000000000,2.031001783700,2.190692317800,1.242500000000,-114.395357805770
1.817287931500,1.162500000000,1.162500000000,2.011344388700,2.145710427500,1.160000000000,-114.393185845008
1.981121841300,1.125000000000,1.162500000000,1.900007568000,2.082987235700,1.160000000000,-114.399326691009
2.095710545600,1.125000000000,1.162500000000,2.051156685900,1.908636212800,1.242500000000,-114.392691241074
1.933762314200,1.087500000000,1.162500000000,1.828344313600,2.196615469000,1.215000000000,-114.391887791568
2.318221983100,1.200000000000,1.200000000000,1.937938245300,1.937938245300,1.242500000000,-114.371195973983
1.809390038100,1.087500000000,1.200000000000,2.127792120400,2.091464797700,1.215000000000,-114.398204972974
1.840687963600,1.050000000000,1.162500000000,1.909141952800,2.222141176500,1.242500000000,-114.397085008040
1.887885644800,1.050000000000,1.162500000000,1.987694959000,2.083175160700,1.242500000000,-114.401190455478
2.119968584400,1.200000000000,1.200000000000,1.962394118300,2.043917806600,1.160000000000,-114.388790565459
1.785735628100,1.050000000000,1.200000000000,1.938951069500,2.205767570800,1.187500000000,-114.396012434069
2.079521360500,1.050000000000,1.200000000000,1.838563798500,1.962394118300,1.160000000000,-114.387774351595
2.051924111700,1.050000000000,1.125000000000,1.754589180900,1.900007568000,1.160000000000,-114.379761528299
1.888201399700,1.200000000000,1.200000000000,2.115373784900,2.256634368100,1.242500000000,-114.390641794747
2.069100753400,1.050000000000,1.125000000000,1.754589180900,1.812937590700,1.160000000000,-114.366514597664
1.666897962300,1.087500000000,1.162500000000,2.076604598600,2.082987235700,1.160000000000,-114.389559984684
2.006871499200,1.050000000000,1.087500000000,1.838563798500,1.783607776600,1.160000000000,-114.379145133058
2.077336474500,1.162500000000,1.162500000000,1.977034170400,2.059142722100,1.215000000000,-114.400750334651
2.082434967100,1.087500000000,1.200000000000,1.995042292800,1.915970076900,1.215000000000,-114.389591639533
1.719813360300,1.087500000000,1.200000000000,2.102174287100,2.141290807600,1.187500000000,-114.394339211716
2.054020478000,1.125000000000,1.200000000000,2.075397552300,2.054098123700,1.270000000000,-114.393684919647
1.785628819000,1.087500000000,1.162500000000,1.946729629400,2.145710427500,1.160000000000,-114.397577884216
2.001791465000,1.087500000000,1.087500000000,1.869161991300,1.869161991300,1.160000000000,-114.392569792150
1.791656279900,1.050000000000,1.050000000000,1.838563798500,1.982685764600,1.160000000000,-114.392984128636
1.856183008600,1.050000000000,1.050000000000,1.799750480900,2.032727179500,1.215000000000,-114.391893350252
1.902100839300,1.125000000000,1.162500000000,2.111107221100,1.931088674100,1.160000000000,-114.396665000545
2.019053937100,1.050000000000,1.200000000000,1.938951069500,1.985145846600,1.187500000000,-114.398167792638
1.966891691500,1.200000000000,1.200000000000,1.962394118300,2.180409429200,1.160000000000,-114.387323276117
1.964565661800,1.125000000000,1.162500000000,2.099059683900,1.977034170400,1.215000000000,-114.402143795031
2.043900434800,1.125000000000,1.162500000000,2.051156685900,2.000178287800,1.242500000000,-114.401526796318
1.993506837300,1.050000000000,1.087500000000,1.909141952800,1.850919985600,1.242500000000,-114.387450730177
2.077609533600,1.125000000000,1.200000000000,1.978945426200,1.962394118300,1.160000000000,-114.394998302552
2.078927079500,1.087500000000,1.162500000000,1.850919985600,2.083175160700,1.242500000000,-114.394265816599
2.013570448000,1.050000000000,1.162500000000,1.909141952800,2.000178287800,1.242500000000,-114.393878310581
1.890495818300,1.050000000000,1.162500000000,2.093539575000,1.886468314100,1.215000000000,-114.390040275586
1.881853222200,1.087500000000,1.087500000000,1.869161991300,2.015976521500,1.160000000000,-114.400283929588
1.888549840400,1.050000000000,1.162500000000,1.838563798500,2.082987235700,1.160000000000,-114.393556413268
1.922795220200,1.050000000000,1.125000000000,2.083018658400,1.902130495400,1.270000000000,-114.391357744365
1.875910122800,1.200000000000,1.200000000000,2.043917806600,2.180409429200,1.160000000000,-114.389000656235
1.944853216300,1.050000000000,1.087500000000,1.861980950300,1.892409060600,1.187500000000,-114.393573360345
2.144347328600,1.200000000000,1.200000000000,2.008016406500,2.091464797700,1.215000000000,-114.395285582332
2.071649404700,1.050000000000,1.200000000000,1.885508360500,2.008016406500,1.215000000000,-114.393447076265
1.749624032400,1.162500000000,1.200000000000,2.145710427500,2.116693605200,1.160000000000,-114.387232860908
2.000791910500,1.125000000000,1.125000000000,1.900007568000,1.978945426200,1.160000000000,-114.397563911803
1.825640154900,1.050000000000,1.087500000000,2.042207658100,1.783607776600,1.160000000000,-114.384382952261
2.021989695600,1.125000000000,1.162500000000,2.049412679200,1.842563761400,1.160000000000,-114.387667551603
1.996283214600,1.162500000000,1.162500000000,2.011344388700,2.011344388700,1.160000000000,-114.399759937854
1.957396944000,1.162500000000,1.200000000000,2.247713460000,2.054098123700,1.270000000000,-114.390553880855
1.987781488600,1.087500000000,1.162500000000,1.995042292800,1.977034170400,1.215000000000,-114.400410251723
1.770379583000,1.087500000000,1.162500000000,2.115917651300,2.182160983900,1.270000000000,-114.396100136086
1.968832092900,1.050000000000,1.162500000000,1.799750480900,2.132441368900,1.215000000000,-114.392675347949
1.883978503100,1.050000000000,1.125000000000,1.963281691500,2.026999013300,1.215000000000,-114.407378571855
1.691639566800,1.125000000000,1.125000000000,2.049412679200,2.111107221100,1.160000000000,-114.395050307980
1.710781251200,1.087500000000,1.087500000000,2.090837682400,2.090837682400,1.242500000000,-114.401018799270
1.697056274800,1.200000000000,1.200000000000,2.231176455100,2.231176455100,1.215000000000,-114.381408908910
2.078460969100,1.200000000000,1.200000000000,2.115373784900,2.115373784900,1.242500000000,-114.398375195981
1.622138607600,1.050000000000,1.125000000000,2.083018658400,2.213387139000,1.270000000000,-114.387239097268
1.845111493000,1.125000000000,1.200000000000,1.978945426200,2.180409429200,1.160000000000,-114.395794717220
2.046070929900,1.162500000000,1.200000000000,2.182160983900,2.054098123700,1.270000000000,-114.394981639755
1.933166848600,1.162500000000,1.162500000000,2.023431430700,2.247713460000,1.270000000000,-114.393993382135
1.846747161000,1.162500000000,1.200000000000,2.145710427500,2.043917806600,1.160000000000,-114.391291946593
2.237154905100,1.162500000000,1.200000000000,2.023431430700,1.960046032500,1.270000000000,-114.381850021747
1.979524052100,1.087500000000,1.087500000000,1.783607776600,1.946729629400,1.160000000000,-114.386214435330
1.986053900000,1.125000000000,1.200000000000,2.213387139000,1.960046032500,1.270000000000,-114.385145770363
1.777388404000,1.050000000000,1.087500000000,2.145053329300,1.962810118400,1.270000000000,-114.396388041380
1.825866887000,1.050000000000,1.162500000000,2.119274550100,2.000178287800,1.242500000000,-114.395974113380
2.190891686400,1.087500000000,1.200000000000,1.828344313600,1.915970076900,1.215000000000,-114.374405642698
1.874816793500,1.125000000000,1.162500000000,2.162152437500,1.977034170400,1.215000000000,-114.396996785127
2.078927079500,1.087500000000,1.162500000000,1.939237107300,2.000178287800,1.242500000000,-114.397988215618
2.079521360500,1.050000000000,1.200000000000,1.845445852200,2.139369065900,1.270000000000,-114.387820846641
1.887758622000,1.200000000000,1.200000000000,2.141290807600,2.141290807600,1.187500000000,-114.395838305624
1.778845972400,1.087500000000,1.162500000000,2.065819309900,2.132441368900,1.215000000000,-114.402932135918
1.720011285300,1.125000000000,1.162500000000,2.111107221100,2.082987235700,1.160000000000,-114.394312257240
2.152494579700,1.200000000000,1.200000000000,1.960046032500,2.215492007600,1.270000000000,-114.385426801207
2.016133933500,1.125000000000,1.125000000000,1.812937590700,2.049412679200,1.160000000000,-114.391594134338
1.874816793500,1.125000000000,1.162500000000,2.213387139000,2.023431430700,1.270000000000,-114.392351839949
1.817287931500,1.162500000000,1.162500000000,2.107292397800,2.247713460000,1.270000000000,-114.390274647895
2.046070929900,1.162500000000,1.200000000000,2.222141176500,1.937938245300,1.242500000000,-114.389136328441
2.047783502200,1.125000000000,1.125000000000,1.902130495400,2.075397552300,1.270000000000,-114.391150953655
1.760417489100,1.050000000000,1.200000000000,2.083018658400,2.215492007600,1.270000000000,-114.390331682492
2.069100753400,1.050000000000,1.125000000000,1.799750480900,1.857255115600,1.215000000000,-114.376369550273
1.933794904800,1.050000000000,1.200000000000,1.982685764600,1.962394118300,1.160000000000,-114.394016706933
2.033332424100,1.050000000000,1.087500000000,1.845445852200,1.873627272800,1.270000000000,-114.377444041034
1.670896178600,1.050000000000,1.087500000000,1.914706243800,2.076604598600,1.160000000000,-114.391832112538
1.992818358800,1.050000000000,1.125000000000,1.754589180900,1.978945426200,1.160000000000,-114.385530626737
2.071259444600,1.200000000000,1.200000000000,1.960046032500,2.282139669100,1.270000000000,-114.382477923678
1.797601250900,1.200000000000,1.200000000000,2.116693605200,2.180409429200,1.160000000000,-114.388272944745
1.721030230100,1.050000000000,1.050000000000,1.932877832200,2.145053329300,1.270000000000,-114.390951328901
1.788129826100,1.125000000000,1.162500000000,2.187746933500,2.083175160700,1.242500000000,-114.395475341566
1.462364904700,1.050000000000,1.050000000000,2.145053329300,2.145053329300,1.270000000000,-114.371245098920
1.694092125400,1.125000000000,1.162500000000,2.213387139000,2.182160983900,1.270000000000,-114.386238606725
1.839744485900,1.087500000000,1.125000000000,2.102174287100,1.923086983400,1.187500000000,-114.401052994325
1.840687963600,1.050000000000,1.162500000000,1.963281691500,2.132441368900,1.215000000000,-114.404764617861
2.198341476100,1.200000000000,1.200000000000,2.008016406500,2.008016406500,1.215000000000,-114.389341847584
2.055059759500,1.162500000000,1.162500000000,1.930941269300,2.182160983900,1.270000000000,-114.388470688306
1.591873895800,1.087500000000,1.162500000000,2.076604598600,2.145710427500,1.160000000000,-114.383945546890
1.818653347900,1.050000000000,1.050000000000,1.932877832200,2.083018658400,1.270000000000,-114.399447523691
1.867499703300,1.162500000000,1.200000000000,2.196615469000,2.091464797700,1.215000000000,-114.396599033648
1.611386375900,1.050000000000,1.125000000000,2.145053329300,2.148967376100,1.270000000000,-114.385532658200
2.078728948200,1.125000000000,1.125000000000,1.992998471600,1.992998471600,1.270000000000,-114.397185489567
2.173333109200,1.125000000000,1.125000000000,1.879625559200,1.879625559200,1.242500000000,-114.380569727208
1.917137231300,1.050000000000,1.087500000000,1.777100515900,2.040864799100,1.187500000000,-114.394424502191
2.059714122500,1.050000000000,1.125000000000,1.822533907300,1.969586408500,1.242500000000,-114.389400051872
1.857972539400,1.050000000000,1.125000000000,1.754589180900,2.111107221100,1.160000000000,-114.383739241298
1.872661808600,1.050000000000,1.200000000000,2.067850039400,1.985145846600,1.187500000000,-114.396401694626
2.099077994000,1.050000000000,1.200000000000,1.754589180900,1.962394118300,1.160000000000,-114.373866649140
1.524799811600,1.087500000000,1.087500000000,2.102174287100,2.102174287100,1.187500000000,-114.383470602819
2.011090613600,1.050000000000,1.050000000000,1.754589180900,1.754589180900,1.160000000000,-114.365787935164
1.777211445200,1.200000000000,1.200000000000,2.215492007600,2.282139669100,1.270000000000,-114.380068216649
1.816523709900,1.162500000000,1.162500000000,2.132441368900,2.132441368900,1.215000000000,-114.398672580424
1.728785852800,1.087500000000,1.125000000000,2.015976521500,2.049412679200,1.160000000000,-114.397688279585
1.986669643000,1.050000000000,1.050000000000,1.845445852200,1.932877832200,1.270000000000,-114.387449891066
2.119075136300,1.050000000000,1.162500000000,1.822533907300,1.908636212800,1.242500000000,-114.376731261806
2.028433901000,1.087500000000,1.087500000000,1.783607776600,1.869161991300,1.160000000000,-114.379597898647
1.921616773800,1.125000000000,1.125000000000,1.812937590700,2.111107221100,1.160000000000,-114.386621324114
2.318221983100,1.200000000000,1.200000000000,1.872472221800,1.872472221800,1.160000000000,-114.363204925878
1.921543190700,1.050000000000,1.125000000000,1.885508360500,2.026999013300,1.215000000000,-114.400218592332
1.985670666300,1.162500000000,1.162500000000,1.886468314100,2.196615469000,1.215000000000,-114.389459712660
2.183624943500,1.200000000000,1.200000000000,2.054098123700,2.054098123700,1.270000000000,-114.384775582139
1.759287817400,1.087500000000,1.162500000000,2.019326929900,2.222141176500,1.242500000000,-114.395157656042
2.077285178300,1.087500000000,1.125000000000,1.962810118400,1.902130495400,1.270000000000,-114.388015852643
1.900564013000,1.050000000000,1.162500000000,1.914706243800,2.011344388700,1.160000000000,-114.399157426714
1.722411242500,1.125000000000,1.200000000000,2.099059683900,2.231176455100,1.215000000000,-114.390060204429
1.669182571100,1.050000000000,1.200000000000,2.083018658400,2.282139669100,1.270000000000,-114.382016068411
2.217310878000,1.200000000000,1.200000000000,1.962394118300,1.962394118300,1.160000000000,-114.385601260236
2.118926765400,1.162500000000,1.200000000000,2.059142722100,2.008016406500,1.215000000000,-114.398811778397
1.919631728500,1.125000000000,1.125000000000,1.992998471600,2.148967376100,1.270000000000,-114.398066073294
2.019053937100,1.050000000000,1.200000000000,1.932877832200,2.139369065900,1.270000000000,-114.395577131495
1.462364904700,1.050000000000,1.050000000000,2.042207658100,2.042207658100,1.160000000000,-114.373365279834
1.758665740200,1.125000000000,1.125000000000,2.075397552300,2.213387139000,1.270000000000,-114.393172416896
1.855686327400,1.125000000000,1.125000000000,1.900007568000,2.111107221100,1.160000000000,-114.395457699872
1.730777707700,1.050000000000,1.162500000000,1.914706243800,2.145710427500,1.160000000000,-114.391280303000
1.787379085000,1.050000000000,1.200000000000,2.007674043200,2.141290807600,1.187500000000,-114.399761238878
1.977209532300,1.087500000000,1.125000000000,2.015976521500,1.812937590700,1.160000000000,-114.391147991370
2.146210305900,1.125000000000,1.200000000000,1.902130495400,2.139369065900,1.270000000000,-114.388545617050
1.721673587500,1.162500000000,1.162500000000,2.182160983900,2.247713460000,1.270000000000,-114.384888091626
1.948557158500,1.125000000000,1.125000000000,1.902130495400,2.213387139000,1.270000000000,-114.392318377182
1.570513515400,1.050000000000,1.200000000000,2.119274550100,2.256634368100,1.242500000000,-114.375524188791
1.979767946100,1.050000000000,1.125000000000,1.938951069500,1.835024083300,1.187500000000,-114.389881632510
1.583029564000,1.050000000000,1.087500000000,2.119274550100,2.090837682400,1.242500000000,-114.388713344779
1.726147442700,1.050000000000,1.125000000000,2.083018658400,2.148967376100,1.270000000000,-114.398182131776
1.932911811900,1.050000000000,1.050000000000,1.799750480900,1.963281691500,1.215000000000,-114.393024954204
1.955057439400,1.050000000000,1.162500000000,1.909141952800,2.083175160700,1.242500000000,-114.397977216430
1.948917969000,1.087500000000,1.162500000000,2.019326929900,2.083175160700,1.242500000000,-114.406063562813
1.900936814700,1.050000000000,1.162500000000,2.057842804600,2.000178287800,1.242500000000,-114.399922238785
2.148019913100,1.162500000000,1.162500000000,2.023431430700,2.023431430700,1.270000000000,-114.393303226626
2.078460969100,1.200000000000,1.200000000000,1.985145846600,2.141290807600,1.187500000000,-114.396493835458
1.644878415000,1.125000000000,1.200000000000,2.111107221100,2.180409429200,1.160000000000,-114.382937102733
2.100901538700,1.162500000000,1.200000000000,2.023431430700,2.139369065900,1.270000000000,-114.392962286709
2.014193198500,1.050000000000,1.162500000000,2.012187864000,1.930941269300,1.270000000000,-114.388781404135
1.955057439400,1.050000000000,1.162500000000,1.838563798500,2.011344388700,1.160000000000,-114.392756073070
1.719813360300,1.087500000000,1.200000000000,2.179165426600,2.215492007600,1.270000000000,-114.387890717316
2.038464768700,1.162500000000,1.200000000000,1.931088674100,2.116693605200,1.160000000000,-114.394855427462
1.904467291600,1.125000000000,1.200000000000,2.075397552300,2.215492007600,1.270000000000,-114.394852703747
1.916172943700,1.087500000000,1.125000000000,2.179165426600,1.902130495400,1.270000000000,-114.392831130119
2.128713378300,1.087500000000,1.162500000000,1.915768789700,1.886468314100,1.215000000000,-114.388646913508
2.113083731700,1.050000000000,1.200000000000,1.799750480900,2.008016406500,1.215000000000,-114.382833041990
1.566819540700,1.125000000000,1.125000000000,2.213387139000,2.213387139000,1.270000000000,-114.376516519529
1.682537723200,1.200000000000,1.200000000000,2.180409429200,2.180409429200,1.160000000000,-114.377784490653
1.868085268500,1.050000000000,1.050000000000,1.845445852200,2.083018658400,1.270000000000,-114.391547992905
1.570513515400,1.050000000000,1.200000000000,2.042207658100,2.180409429200,1.160000000000,-114.375630392478
1.808446406800,1.087500000000,1.087500000000,2.043693042000,2.115917651300,1.270000000000,-114.403457796549
1.690766783100,1.087500000000,1.162500000000,2.015976521500,2.145710427500,1.160000000000,-114.393354509951
1.941142310200,1.125000000000,1.125000000000,1.978945426200,1.978945426200,1.160000000000,-114.403407484547
1.964931565000,1.087500000000,1.200000000000,1.970842142300,2.067645097700,1.187500000000,-114.402017224785
2.048019267300,1.087500000000,1.162500000000,1.805905192700,2.035198086200,1.187500000000,-114.389484002539
1.903013402100,1.087500000000,1.200000000000,2.090837682400,2.115373784900,1.242500000000,-114.402452420909
2.226564607900,1.162500000000,1.162500000000,1.930941269300,1.930941269300,1.270000000000,-114.374650617838
1.577379115500,1.125000000000,1.125000000000,2.111107221100,2.111107221100,1.160000000000,-114.382516187889
1.920030349800,1.087500000000,1.162500000000,1.892409060600,2.107679946700,1.187500000000,-114.399301079530
2.017791907100,1.162500000000,1.200000000000,2.171137980100,1.894146385200,1.187500000000,-114.386175606151
2.095117587300,1.087500000000,1.125000000000,1.869161991300,1.812937590700,1.160000000000,-114.382368678597
2.130592791400,1.125000000000,1.125000000000,1.902130495400,1.992998471600,1.270000000000,-114.388727449907
1.933166848600,1.162500000000,1.162500000000,2.107292397800,2.182160983900,1.270000000000,-114.399523417680
2.164418887500,1.162500000000,1.200000000000,2.011344388700,1.872472221800,1.160000000000,-114.382847728753
1.950000000000,1.050000000000,1.200000000000,2.032727179500,2.008016406500,1.215000000000,-114.400424812555
1.607247784700,1.050000000000,1.087500000000,2.057842804600,2.153456380300,1.242500000000,-114.393064127324
2.015708232400,1.162500000000,1.200000000000,2.132441368900,2.008016406500,1.215000000000,-114.396568217569
1.756629797000,1.050000000000,1.162500000000,1.982685764600,2.082987235700,1.160000000000,-114.399008609474
1.638560621800,1.087500000000,1.125000000000,2.127792120400,2.099059683900,1.215000000000,-114.393009395659
1.856183008600,1.050000000000,1.050000000000,1.754589180900,1.982685764600,1.160000000000,-114.384538284646
1.903013402100,1.087500000000,1.200000000000,1.946729629400,2.116693605200,1.160000000000,-114.400420844245
1.890495818300,1.050000000000,1.162500000000,1.845445852200,2.247713460000,1.270000000000,-114.385829790444
1.635251581300,1.087500000000,1.087500000000,2.115917651300,2.179165426600,1.270000000000,-114.391393254391
1.872661808600,1.050000000000,1.200000000000,2.145053329300,2.054098123700,1.270000000000,-114.392337152645
2.199527104800,1.162500000000,1.162500000000,1.842563761400,1.931088674100,1.160000000000,-114.379425703762
1.990004411000,1.050000000000,1.200000000000,2.032727179500,1.915970076900,1.215000000000,-114.390020794966
1.479273655400,1.050000000000,1.050000000000,2.093539575000,2.093539575000,1.215000000000,-114.380293084201
1.877461191100,1.050000000000,1.125000000000,1.799750480900,2.162152437500,1.215000000000,-114.392728915151
2.055359081200,1.125000000000,1.200000000000,2.074202423400,1.894146385200,1.187500000000,-114.389636028569
1.719155368000,1.087500000000,1.087500000000,2.043693042000,2.179165426600,1.270000000000,-114.396232413010
2.049724558700,1.200000000000,1.200000000000,1.894146385200,2.205767570800,1.187500000000,-114.383490603998
2.057765675600,1.050000000000,1.125000000000,1.885508360500,1.857255115600,1.215000000000,-114.388933614346
